   100.1000       1.22451645E-01       1.19705698E-01
   100.2000       1.22521163E-01       1.19708979E-01
   100.3000       1.22590848E-01       1.19713028E-01
   100.4000       1.22660613E-01       1.19717843E-01
   100.5000       1.22730568E-01       1.19723494E-01
   100.6000       1.22800676E-01       1.19729962E-01
   100.7000       1.22871061E-01       1.19737126E-01
   100.8000       1.22941706E-01       1.19744777E-01
   100.9000       1.23012512E-01       1.19752790E-01
   101.0000       1.23083313E-01       1.19761207E-01
   101.1000       1.23153948E-01       1.19770192E-01
   101.2000       1.23224391E-01       1.19779832E-01
   101.3000       1.23294528E-01       1.19789959E-01
   101.4000       1.23364446E-01       1.19800327E-01
   101.5000       1.23434321E-01       1.19810786E-01
   101.6000       1.23504198E-01       1.19821244E-01
   101.7000       1.23574132E-01       1.19831750E-01
   101.8000       1.23644143E-01       1.19842296E-01
   101.9000       1.23714078E-01       1.19852790E-01
   102.0000       1.23783923E-01       1.19863214E-01
   102.1000       1.23853607E-01       1.19873634E-01
   102.2000       1.23923059E-01       1.19884140E-01
   102.3000       1.23992225E-01       1.19894836E-01
   102.4000       1.24061182E-01       1.19905822E-01
   102.5000       1.24129789E-01       1.19917222E-01
   102.6000       1.24198017E-01       1.19929160E-01
   102.7000       1.24265846E-01       1.19941712E-01
   102.8000       1.24333142E-01       1.19954944E-01
   102.9000       1.24399779E-01       1.19968885E-01
   103.0000       1.24465566E-01       1.19983609E-01
   103.1000       1.24530308E-01       1.19999429E-01
   103.2000       1.24593654E-01       1.20016862E-01
   103.3000       1.24655526E-01       1.20036467E-01
   103.4000       1.24715755E-01       1.20058314E-01
   103.5000       1.24774126E-01       1.20082076E-01
   103.6000       1.24830611E-01       1.20107357E-01
   103.7000       1.24885048E-01       1.20133998E-01
   103.8000       1.24937351E-01       1.20161958E-01
   103.9000       1.24987068E-01       1.20191271E-01
   104.0000       1.25033728E-01       1.20221950E-01
   104.1000       1.25077013E-01       1.20254025E-01
   104.2000       1.25116628E-01       1.20287454E-01
   104.3000       1.25152600E-01       1.20322182E-01
   104.4000       1.25185396E-01       1.20358152E-01
   104.5000       1.25215704E-01       1.20395317E-01
   104.6000       1.25244389E-01       1.20433678E-01
   104.7000       1.25272250E-01       1.20473204E-01
   104.8000       1.25299804E-01       1.20513778E-01
   104.9000       1.25327127E-01       1.20555269E-01
   105.0000       1.25353915E-01       1.20597455E-01
   105.1000       1.25379612E-01       1.20640165E-01
   105.2000       1.25403643E-01       1.20683214E-01
   105.3000       1.25425879E-01       1.20726518E-01
   105.4000       1.25446284E-01       1.20769886E-01
   105.5000       1.25465269E-01       1.20813123E-01
   105.6000       1.25483369E-01       1.20855989E-01
   105.7000       1.25501046E-01       1.20898247E-01
   105.8000       1.25518772E-01       1.20939661E-01
   105.9000       1.25537052E-01       1.20980030E-01
   106.0000       1.25556602E-01       1.21019152E-01
   106.1000       1.25578485E-01       1.21056890E-01
   106.2000       1.25603481E-01       1.21093074E-01
   106.3000       1.25632405E-01       1.21127524E-01
   106.4000       1.25665951E-01       1.21160089E-01
   106.5000       1.25704786E-01       1.21190630E-01
   106.6000       1.25749267E-01       1.21219051E-01
   106.7000       1.25799277E-01       1.21245288E-01
   106.8000       1.25854439E-01       1.21269345E-01
   106.9000       1.25913968E-01       1.21291208E-01
   107.0000       1.25977420E-01       1.21310935E-01
   107.1000       1.26043727E-01       1.21328545E-01
   107.2000       1.26111423E-01       1.21344093E-01
   107.3000       1.26178479E-01       1.21357647E-01
   107.4000       1.26243129E-01       1.21369239E-01
   107.5000       1.26304653E-01       1.21378963E-01
   107.6000       1.26363028E-01       1.21386969E-01
   107.7000       1.26418430E-01       1.21393627E-01
   107.8000       1.26470214E-01       1.21399553E-01
   107.9000       1.26516974E-01       1.21405340E-01
   108.0000       1.26557579E-01       1.21411415E-01
   108.1000       1.26591693E-01       1.21417866E-01
   108.2000       1.26620076E-01       1.21424687E-01
   108.3000       1.26643371E-01       1.21431910E-01
   108.4000       1.26662222E-01       1.21439697E-01
   108.5000       1.26677274E-01       1.21448259E-01
   108.6000       1.26689429E-01       1.21457814E-01
   108.7000       1.26699525E-01       1.21468564E-01
   108.8000       1.26708190E-01       1.21480720E-01
   108.9000       1.26715355E-01       1.21494398E-01
   109.0000       1.26720097E-01       1.21509739E-01
   109.1000       1.26721265E-01       1.21526849E-01
   109.2000       1.26718806E-01       1.21545864E-01
   109.3000       1.26713491E-01       1.21566879E-01
   109.4000       1.26705967E-01       1.21589987E-01
   109.5000       1.26696246E-01       1.21615233E-01
   109.6000       1.26684542E-01       1.21642592E-01
   109.7000       1.26671865E-01       1.21672015E-01
   109.8000       1.26659402E-01       1.21703375E-01
   109.9000       1.26647926E-01       1.21736470E-01
   110.0000       1.26637483E-01       1.21771070E-01
   110.1000       1.26627563E-01       1.21806943E-01
   110.2000       1.26617024E-01       1.21843818E-01
   110.3000       1.26604478E-01       1.21881398E-01
   110.4000       1.26588942E-01       1.21919394E-01
   110.5000       1.26570245E-01       1.21957464E-01
   110.6000       1.26549345E-01       1.21995297E-01
   110.7000       1.26527604E-01       1.22032520E-01
   110.8000       1.26506365E-01       1.22068794E-01
   110.9000       1.26486236E-01       1.22103728E-01
   111.0000       1.26466893E-01       1.22136962E-01
   111.1000       1.26447097E-01       1.22168197E-01
   111.2000       1.26425398E-01       1.22197170E-01
   111.3000       1.26400350E-01       1.22223654E-01
   111.4000       1.26370953E-01       1.22247460E-01
   111.5000       1.26336707E-01       1.22268430E-01
   111.6000       1.26297667E-01       1.22286417E-01
   111.7000       1.26254558E-01       1.22301309E-01
   111.8000       1.26208559E-01       1.22313021E-01
   111.9000       1.26160732E-01       1.22321509E-01
   112.0000       1.26111941E-01       1.22326798E-01
   112.1000       1.26062339E-01       1.22328937E-01
   112.2000       1.26011962E-01       1.22328052E-01
   112.3000       1.25960958E-01       1.22324299E-01
   112.4000       1.25909769E-01       1.22317851E-01
   112.5000       1.25859176E-01       1.22308891E-01
   112.6000       1.25809938E-01       1.22297687E-01
   112.7000       1.25762647E-01       1.22284461E-01
   112.8000       1.25717557E-01       1.22269483E-01
   112.9000       1.25674618E-01       1.22253010E-01
   113.0000       1.25633432E-01       1.22235235E-01
   113.1000       1.25593565E-01       1.22216329E-01
   113.2000       1.25554613E-01       1.22196444E-01
   113.3000       1.25516538E-01       1.22175721E-01
   113.4000       1.25479715E-01       1.22154321E-01
   113.5000       1.25444654E-01       1.22132415E-01
   113.6000       1.25412237E-01       1.22110232E-01
   113.7000       1.25382850E-01       1.22087865E-01
   113.8000       1.25356225E-01       1.22065375E-01
   113.9000       1.25331473E-01       1.22042742E-01
   114.0000       1.25307413E-01       1.22019967E-01
   114.1000       1.25282914E-01       1.21997113E-01
   114.2000       1.25257414E-01       1.21974208E-01
   114.3000       1.25230756E-01       1.21951174E-01
   114.4000       1.25203135E-01       1.21927882E-01
   114.5000       1.25174880E-01       1.21904337E-01
   114.6000       1.25146287E-01       1.21880656E-01
   114.7000       1.25117393E-01       1.21856857E-01
   114.8000       1.25088140E-01       1.21832744E-01
   114.9000       1.25058547E-01       1.21807986E-01
   115.0000       1.25028673E-01       1.21782155E-01
   115.1000       1.24998714E-01       1.21754771E-01
   115.2000       1.24969048E-01       1.21725336E-01
   115.3000       1.24940416E-01       1.21693403E-01
   115.4000       1.24914019E-01       1.21658729E-01
   115.5000       1.24891184E-01       1.21621246E-01
   115.6000       1.24872157E-01       1.21580761E-01
   115.7000       1.24855998E-01       1.21536911E-01
   115.8000       1.24841229E-01       1.21489245E-01
   115.9000       1.24826595E-01       1.21437341E-01
   116.0000       1.24811472E-01       1.21380776E-01
   116.1000       1.24796730E-01       1.21319236E-01
   116.2000       1.24783788E-01       1.21252407E-01
   116.3000       1.24774286E-01       1.21179913E-01
   116.4000       1.24769891E-01       1.21101373E-01
   116.5000       1.24771713E-01       1.21016358E-01
   116.6000       1.24780265E-01       1.20924603E-01
   116.7000       1.24794852E-01       1.20825983E-01
   116.8000       1.24813720E-01       1.20720576E-01
   116.9000       1.24834638E-01       1.20608644E-01
   117.0000       1.24855684E-01       1.20490595E-01
   117.1000       1.24875380E-01       1.20366913E-01
   117.2000       1.24892638E-01       1.20238103E-01
   117.3000       1.24906986E-01       1.20104829E-01
   117.4000       1.24918874E-01       1.19967922E-01
   117.5000       1.24929429E-01       1.19828340E-01
   117.6000       1.24940584E-01       1.19687222E-01
   117.7000       1.24953810E-01       1.19545673E-01
   117.8000       1.24970149E-01       1.19404875E-01
   117.9000       1.24989286E-01       1.19265894E-01
   118.0000       1.25010091E-01       1.19129669E-01
   118.1000       1.25031569E-01       1.18997115E-01
   118.2000       1.25053028E-01       1.18868891E-01
   118.3000       1.25074283E-01       1.18745590E-01
   118.4000       1.25094739E-01       1.18627573E-01
   118.5000       1.25113483E-01       1.18515212E-01
   118.6000       1.25129341E-01       1.18408787E-01
   118.7000       1.25141831E-01       1.18308665E-01
   118.8000       1.25150691E-01       1.18215098E-01
   118.9000       1.25155570E-01       1.18128282E-01
   119.0000       1.25156384E-01       1.18048498E-01
   119.1000       1.25152983E-01       1.17975926E-01
   119.2000       1.25145787E-01       1.17910744E-01
   119.3000       1.25135184E-01       1.17853006E-01
   119.4000       1.25121825E-01       1.17802679E-01
   119.5000       1.25106400E-01       1.17759638E-01
   119.6000       1.25089772E-01       1.17723600E-01
   119.7000       1.25072937E-01       1.17694180E-01
   119.8000       1.25056873E-01       1.17670918E-01
   119.9000       1.25042721E-01       1.17653455E-01
   120.0000       1.25031011E-01       1.17641384E-01
   120.1000       1.25021874E-01       1.17634427E-01
   120.2000       1.25015219E-01       1.17632415E-01
   120.3000       1.25010851E-01       1.17635312E-01
   120.4000       1.25008705E-01       1.17643130E-01
   120.5000       1.25008944E-01       1.17655790E-01
   120.6000       1.25011896E-01       1.17673081E-01
   120.7000       1.25017467E-01       1.17694733E-01
   120.8000       1.25025291E-01       1.17720502E-01
   120.9000       1.25034685E-01       1.17750214E-01
   121.0000       1.25044310E-01       1.17783545E-01
   121.1000       1.25053177E-01       1.17820061E-01
   121.2000       1.25060351E-01       1.17859142E-01
   121.3000       1.25065515E-01       1.17900125E-01
   121.4000       1.25068869E-01       1.17942459E-01
   121.5000       1.25070937E-01       1.17985860E-01
   121.6000       1.25072416E-01       1.18030263E-01
   121.7000       1.25073940E-01       1.18075596E-01
   121.8000       1.25075525E-01       1.18121640E-01
   121.9000       1.25077383E-01       1.18168080E-01
   122.0000       1.25078938E-01       1.18214556E-01
   122.1000       1.25079478E-01       1.18261109E-01
   122.2000       1.25078079E-01       1.18308258E-01
   122.3000       1.25073882E-01       1.18356434E-01
   122.4000       1.25066305E-01       1.18405377E-01
   122.5000       1.25054938E-01       1.18454099E-01
   122.6000       1.25039642E-01       1.18501894E-01
   122.7000       1.25020528E-01       1.18549004E-01
   122.8000       1.24998065E-01       1.18596111E-01
   122.9000       1.24972814E-01       1.18643417E-01
   123.0000       1.24945336E-01       1.18690075E-01
   123.1000       1.24916354E-01       1.18735262E-01
   123.2000       1.24886484E-01       1.18779565E-01
   123.3000       1.24856227E-01       1.18824282E-01
   123.4000       1.24825969E-01       1.18869254E-01
   123.5000       1.24795961E-01       1.18912748E-01
   123.6000       1.24766297E-01       1.18954457E-01
   123.7000       1.24736917E-01       1.18995956E-01
   123.8000       1.24707741E-01       1.19037838E-01
   123.9000       1.24678596E-01       1.19079873E-01
   124.0000       1.24649158E-01       1.19122139E-01
   124.1000       1.24619393E-01       1.19165275E-01
   124.2000       1.24589162E-01       1.19209299E-01
   124.3000       1.24558357E-01       1.19253383E-01
   124.4000       1.24526923E-01       1.19297767E-01
   124.5000       1.24494859E-01       1.19343774E-01
   124.6000       1.24462288E-01       1.19390837E-01
   124.7000       1.24429389E-01       1.19436839E-01
   124.8000       1.24396526E-01       1.19481393E-01
   124.9000       1.24363892E-01       1.19525236E-01
   125.0000       1.24331911E-01       1.19568308E-01
   125.1000       1.24300377E-01       1.19609927E-01
   125.2000       1.24268973E-01       1.19649604E-01
   125.3000       1.24237197E-01       1.19687377E-01
   125.4000       1.24204423E-01       1.19723931E-01
   125.5000       1.24170329E-01       1.19759850E-01
   125.6000       1.24134776E-01       1.19794960E-01
   125.7000       1.24098294E-01       1.19828810E-01
   125.8000       1.24061745E-01       1.19861030E-01
   125.9000       1.24025933E-01       1.19891472E-01
   126.0000       1.23991222E-01       1.19920474E-01
   126.1000       1.23957732E-01       1.19948750E-01
   126.2000       1.23924886E-01       1.19976820E-01
   126.3000       1.23891917E-01       1.20004912E-01
   126.4000       1.23857850E-01       1.20033212E-01
   126.5000       1.23822240E-01       1.20061903E-01
   126.6000       1.23784770E-01       1.20090844E-01
   126.7000       1.23745533E-01       1.20119820E-01
   126.8000       1.23704968E-01       1.20148687E-01
   126.9000       1.23663492E-01       1.20177283E-01
   127.0000       1.23621321E-01       1.20205430E-01
   127.1000       1.23578487E-01       1.20232788E-01
   127.2000       1.23534955E-01       1.20259028E-01
   127.3000       1.23490567E-01       1.20284022E-01
   127.4000       1.23445083E-01       1.20307820E-01
   127.5000       1.23398300E-01       1.20330593E-01
   127.6000       1.23350277E-01       1.20352588E-01
   127.7000       1.23301063E-01       1.20374126E-01
   127.8000       1.23250885E-01       1.20395545E-01
   127.9000       1.23200014E-01       1.20417245E-01
   128.0000       1.23148787E-01       1.20439641E-01
   128.1000       1.23097430E-01       1.20463032E-01
   128.2000       1.23046402E-01       1.20487278E-01
   128.3000       1.22995958E-01       1.20511571E-01
   128.4000       1.22946484E-01       1.20534835E-01
   128.5000       1.22898251E-01       1.20556776E-01
   128.6000       1.22851387E-01       1.20578100E-01
   128.7000       1.22805893E-01       1.20599375E-01
   128.8000       1.22761866E-01       1.20620245E-01
   128.9000       1.22719013E-01       1.20639973E-01
   129.0000       1.22677308E-01       1.20658069E-01
   129.1000       1.22636357E-01       1.20674358E-01
   129.2000       1.22596186E-01       1.20689086E-01
   129.3000       1.22556526E-01       1.20702568E-01
   129.4000       1.22517254E-01       1.20715335E-01
   129.5000       1.22478616E-01       1.20727910E-01
   129.6000       1.22440502E-01       1.20740609E-01
   129.7000       1.22403155E-01       1.20753521E-01
   129.8000       1.22366568E-01       1.20766593E-01
   129.9000       1.22330909E-01       1.20779746E-01
   130.0000       1.22296310E-01       1.20792861E-01
   130.1000       1.22262690E-01       1.20805789E-01
   130.2000       1.22230003E-01       1.20818428E-01
   130.3000       1.22198017E-01       1.20830608E-01
   130.4000       1.22166557E-01       1.20842193E-01
   130.5000       1.22135455E-01       1.20853046E-01
   130.6000       1.22104506E-01       1.20863019E-01
   130.7000       1.22073575E-01       1.20871919E-01
   130.8000       1.22042605E-01       1.20879595E-01
   130.9000       1.22011568E-01       1.20885916E-01
   131.0000       1.21980620E-01       1.20890822E-01
   131.1000       1.21949976E-01       1.20894332E-01
   131.2000       1.21919983E-01       1.20896626E-01
   131.3000       1.21890990E-01       1.20897933E-01
   131.4000       1.21863321E-01       1.20898553E-01
   131.5000       1.21837095E-01       1.20898769E-01
   131.6000       1.21812669E-01       1.20898850E-01
   131.7000       1.21790120E-01       1.20898918E-01
   131.8000       1.21769478E-01       1.20899000E-01
   131.9000       1.21750709E-01       1.20899025E-01
   132.0000       1.21734032E-01       1.20898981E-01
   132.1000       1.21719414E-01       1.20898878E-01
   132.2000       1.21706948E-01       1.20898772E-01
   132.3000       1.21696664E-01       1.20898784E-01
   132.4000       1.21688585E-01       1.20899149E-01
   132.5000       1.21682525E-01       1.20900108E-01
   132.6000       1.21678341E-01       1.20901931E-01
   132.7000       1.21675997E-01       1.20904783E-01
   132.8000       1.21675205E-01       1.20908431E-01
   132.9000       1.21675758E-01       1.20912237E-01
   133.0000       1.21677465E-01       1.20915432E-01
   133.1000       1.21680271E-01       1.20917664E-01
   133.2000       1.21684034E-01       1.20919273E-01
   133.3000       1.21688798E-01       1.20921271E-01
   133.4000       1.21694564E-01       1.20924813E-01
   133.5000       1.21701496E-01       1.20930489E-01
   133.6000       1.21709533E-01       1.20938035E-01
   133.7000       1.21718806E-01       1.20946937E-01
   133.8000       1.21729046E-01       1.20956720E-01
   133.9000       1.21740316E-01       1.20967319E-01
   134.0000       1.21752525E-01       1.20979026E-01
   134.1000       1.21765505E-01       1.20992338E-01
   134.2000       1.21779351E-01       1.21007595E-01
   134.3000       1.21794040E-01       1.21024764E-01
   134.4000       1.21809428E-01       1.21043462E-01
   134.5000       1.21825570E-01       1.21063317E-01
   134.6000       1.21842384E-01       1.21084258E-01
   134.7000       1.21859566E-01       1.21106805E-01
   134.8000       1.21876919E-01       1.21131663E-01
   134.9000       1.21894058E-01       1.21159095E-01
   135.0000       1.21911077E-01       1.21188960E-01
   135.1000       1.21927663E-01       1.21220929E-01
   135.2000       1.21943859E-01       1.21254569E-01
   135.3000       1.21959437E-01       1.21289302E-01
   135.4000       1.21974244E-01       1.21324556E-01
   135.5000       1.21988413E-01       1.21360075E-01
   135.6000       1.22001948E-01       1.21396005E-01
   135.7000       1.22015307E-01       1.21433195E-01
   135.8000       1.22028634E-01       1.21472657E-01
   135.9000       1.22042038E-01       1.21515004E-01
   136.0000       1.22055519E-01       1.21560228E-01
   136.1000       1.22069069E-01       1.21607888E-01
   136.2000       1.22082695E-01       1.21657641E-01
   136.3000       1.22096424E-01       1.21709359E-01
   136.4000       1.22110150E-01       1.21762887E-01
   136.5000       1.22123911E-01       1.21817865E-01
   136.6000       1.22137794E-01       1.21874297E-01
   136.7000       1.22151658E-01       1.21932689E-01
   136.8000       1.22165397E-01       1.21993232E-01
   136.9000       1.22178936E-01       1.22055346E-01
   137.0000       1.22192129E-01       1.22118372E-01
   137.1000       1.22205193E-01       1.22182389E-01
   137.2000       1.22218342E-01       1.22247934E-01
   137.3000       1.22231666E-01       1.22314798E-01
   137.4000       1.22245253E-01       1.22381803E-01
   137.5000       1.22259042E-01       1.22448233E-01
   137.6000       1.22272950E-01       1.22514337E-01
   137.7000       1.22286852E-01       1.22581234E-01
   137.8000       1.22300753E-01       1.22649571E-01
   137.9000       1.22314497E-01       1.22718663E-01
   138.0000       1.22328110E-01       1.22788477E-01
   138.1000       1.22341035E-01       1.22859187E-01
   138.2000       1.22353060E-01       1.22930947E-01
   138.3000       1.22363916E-01       1.23003965E-01
   138.4000       1.22373324E-01       1.23078147E-01
   138.5000       1.22381370E-01       1.23153052E-01
   138.6000       1.22388224E-01       1.23228179E-01
   138.7000       1.22394048E-01       1.23303024E-01
   138.8000       1.22399334E-01       1.23377481E-01
   138.9000       1.22404156E-01       1.23451735E-01
   139.0000       1.22408990E-01       1.23526025E-01
   139.1000       1.22413926E-01       1.23600252E-01
   139.2000       1.22418937E-01       1.23674391E-01
   139.3000       1.22423943E-01       1.23748446E-01
   139.4000       1.22429105E-01       1.23822514E-01
   139.5000       1.22434359E-01       1.23896550E-01
   139.6000       1.22439803E-01       1.23970454E-01
   139.7000       1.22445606E-01       1.24043997E-01
   139.8000       1.22452016E-01       1.24116996E-01
   139.9000       1.22458884E-01       1.24189111E-01
   140.0000       1.22466303E-01       1.24259910E-01
   140.1000       1.22474033E-01       1.24328980E-01
   140.2000       1.22482193E-01       1.24395872E-01
   140.3000       1.22490566E-01       1.24460116E-01
   140.4000       1.22499198E-01       1.24521291E-01
   140.5000       1.22507797E-01       1.24579168E-01
   140.6000       1.22516379E-01       1.24633845E-01
   140.7000       1.22525109E-01       1.24685531E-01
   140.8000       1.22534170E-01       1.24734368E-01
   140.9000       1.22543800E-01       1.24780351E-01
   141.0000       1.22554361E-01       1.24823605E-01
   141.1000       1.22566178E-01       1.24864389E-01
   141.2000       1.22579530E-01       1.24902965E-01
   141.3000       1.22594476E-01       1.24939273E-01
   141.4000       1.22611009E-01       1.24973098E-01
   141.5000       1.22628869E-01       1.25004397E-01
   141.6000       1.22647774E-01       1.25033291E-01
   141.7000       1.22667368E-01       1.25059929E-01
   141.8000       1.22687243E-01       1.25084329E-01
   141.9000       1.22707021E-01       1.25106484E-01
   142.0000       1.22726160E-01       1.25126535E-01
   142.1000       1.22744554E-01       1.25144764E-01
   142.2000       1.22761759E-01       1.25161258E-01
   142.3000       1.22777560E-01       1.25176151E-01
   142.4000       1.22792047E-01       1.25189736E-01
   142.5000       1.22804741E-01       1.25202252E-01
   142.6000       1.22815789E-01       1.25213834E-01
   142.7000       1.22825063E-01       1.25224422E-01
   142.8000       1.22832305E-01       1.25233988E-01
   142.9000       1.22837338E-01       1.25242648E-01
   143.0000       1.22840113E-01       1.25250663E-01
   143.1000       1.22840133E-01       1.25258091E-01
   143.2000       1.22837309E-01       1.25264769E-01
   143.3000       1.22831414E-01       1.25270184E-01
   143.4000       1.22822409E-01       1.25274070E-01
   143.5000       1.22810377E-01       1.25276597E-01
   143.6000       1.22795465E-01       1.25277887E-01
   143.7000       1.22777715E-01       1.25277758E-01
   143.8000       1.22757707E-01       1.25276140E-01
   143.9000       1.22735486E-01       1.25273035E-01
   144.0000       1.22711310E-01       1.25268653E-01
   144.1000       1.22685167E-01       1.25263104E-01
   144.2000       1.22657016E-01       1.25256381E-01
   144.3000       1.22626997E-01       1.25248593E-01
   144.4000       1.22595257E-01       1.25239929E-01
   144.5000       1.22562156E-01       1.25230575E-01
   144.6000       1.22528161E-01       1.25220742E-01
   144.7000       1.22493960E-01       1.25210529E-01
   144.8000       1.22460091E-01       1.25199933E-01
   144.9000       1.22427143E-01       1.25188898E-01
   145.0000       1.22395650E-01       1.25177336E-01
   145.1000       1.22365840E-01       1.25165291E-01
   145.2000       1.22337913E-01       1.25152971E-01
   145.3000       1.22312031E-01       1.25140796E-01
   145.4000       1.22288151E-01       1.25128975E-01
   145.5000       1.22266320E-01       1.25117271E-01
   145.6000       1.22246516E-01       1.25105311E-01
   145.7000       1.22228519E-01       1.25093298E-01
   145.8000       1.22212312E-01       1.25081878E-01
   145.9000       1.22198066E-01       1.25071082E-01
   146.0000       1.22185713E-01       1.25060282E-01
   146.1000       1.22175262E-01       1.25048973E-01
   146.2000       1.22166739E-01       1.25037077E-01
   146.3000       1.22160422E-01       1.25025034E-01
   146.4000       1.22156153E-01       1.25013237E-01
   146.5000       1.22153548E-01       1.25001992E-01
   146.6000       1.22152558E-01       1.24991604E-01
   146.7000       1.22152962E-01       1.24982136E-01
   146.8000       1.22154597E-01       1.24973405E-01
   146.9000       1.22157684E-01       1.24965189E-01
   147.0000       1.22162349E-01       1.24957350E-01
   147.1000       1.22169117E-01       1.24949701E-01
   147.2000       1.22178448E-01       1.24942174E-01
   147.3000       1.22190332E-01       1.24934627E-01
   147.4000       1.22204585E-01       1.24926993E-01
   147.5000       1.22221023E-01       1.24919305E-01
   147.6000       1.22239321E-01       1.24911621E-01
   147.7000       1.22259326E-01       1.24903983E-01
   147.8000       1.22281044E-01       1.24896497E-01
   147.9000       1.22304466E-01       1.24889355E-01
   148.0000       1.22329529E-01       1.24882718E-01
   148.1000       1.22355857E-01       1.24876696E-01
   148.2000       1.22382853E-01       1.24871178E-01
   148.3000       1.22410048E-01       1.24866071E-01
   148.4000       1.22436947E-01       1.24861351E-01
   148.5000       1.22463324E-01       1.24856972E-01
   148.6000       1.22489358E-01       1.24852708E-01
   148.7000       1.22515091E-01       1.24848215E-01
   148.8000       1.22540529E-01       1.24843399E-01
   148.9000       1.22565962E-01       1.24838219E-01
   149.0000       1.22590872E-01       1.24832744E-01
   149.1000       1.22614989E-01       1.24827258E-01
   149.2000       1.22638090E-01       1.24822223E-01
   149.3000       1.22659959E-01       1.24816990E-01
   149.4000       1.22680720E-01       1.24810317E-01
   149.5000       1.22700741E-01       1.24801241E-01
   149.6000       1.22719998E-01       1.24788937E-01
   149.7000       1.22738653E-01       1.24773044E-01
   149.8000       1.22757001E-01       1.24754572E-01
   149.9000       1.22774859E-01       1.24735465E-01
   150.0000       1.22792455E-01       1.24717457E-01
   150.1000       1.22809861E-01       1.24701299E-01
   150.2000       1.22827266E-01       1.24686971E-01
   150.3000       1.22845027E-01       1.24673985E-01
   150.4000       1.22863577E-01       1.24661400E-01
   150.5000       1.22883044E-01       1.24648198E-01
   150.6000       1.22903571E-01       1.24633930E-01
   150.7000       1.22925078E-01       1.24618987E-01
   150.8000       1.22947524E-01       1.24604139E-01
   150.9000       1.22970698E-01       1.24589898E-01
   151.0000       1.22994696E-01       1.24576389E-01
   151.1000       1.23019889E-01       1.24563275E-01
   151.2000       1.23046142E-01       1.24549849E-01
   151.3000       1.23074073E-01       1.24536119E-01
   151.4000       1.23103065E-01       1.24523153E-01
   151.5000       1.23133185E-01       1.24512990E-01
   151.6000       1.23164306E-01       1.24506092E-01
   151.7000       1.23196249E-01       1.24501151E-01
   151.8000       1.23228784E-01       1.24496452E-01
   151.9000       1.23261667E-01       1.24490963E-01
   152.0000       1.23294853E-01       1.24484452E-01
   152.1000       1.23328021E-01       1.24477376E-01
   152.2000       1.23360961E-01       1.24471167E-01
   152.3000       1.23393464E-01       1.24466811E-01
   152.4000       1.23425300E-01       1.24463841E-01
   152.5000       1.23456348E-01       1.24463916E-01
   152.6000       1.23486444E-01       1.24471062E-01
   152.7000       1.23515687E-01       1.24486320E-01
   152.8000       1.23544430E-01       1.24506722E-01
   152.9000       1.23572962E-01       1.24529315E-01
   153.0000       1.23601756E-01       1.24553143E-01
   153.1000       1.23631267E-01       1.24578492E-01
   153.2000       1.23661678E-01       1.24605304E-01
   153.3000       1.23692890E-01       1.24633331E-01
   153.4000       1.23725107E-01       1.24663005E-01
   153.5000       1.23758203E-01       1.24695002E-01
   153.6000       1.23792405E-01       1.24729605E-01
   153.7000       1.23827586E-01       1.24766978E-01
   153.8000       1.23864001E-01       1.24808014E-01
   153.9000       1.23901755E-01       1.24853923E-01
   154.0000       1.23940907E-01       1.24905197E-01
   154.1000       1.23981545E-01       1.24960972E-01
   154.2000       1.24023784E-01       1.25020030E-01
   154.3000       1.24067469E-01       1.25081249E-01
   154.4000       1.24112466E-01       1.25143921E-01
   154.5000       1.24158957E-01       1.25207914E-01
   154.6000       1.24206927E-01       1.25272961E-01
   154.7000       1.24256620E-01       1.25338941E-01
   154.8000       1.24307938E-01       1.25405588E-01
   154.9000       1.24361172E-01       1.25473114E-01
   155.0000       1.24416503E-01       1.25541960E-01
   155.1000       1.24474100E-01       1.25612359E-01
   155.2000       1.24534233E-01       1.25684395E-01
   155.3000       1.24596933E-01       1.25757771E-01
   155.4000       1.24662215E-01       1.25832069E-01
   155.5000       1.24729740E-01       1.25907029E-01
   155.6000       1.24799530E-01       1.25982677E-01
   155.7000       1.24871540E-01       1.26059042E-01
   155.8000       1.24945377E-01       1.26136229E-01
   155.9000       1.25021179E-01       1.26214271E-01
   156.0000       1.25098700E-01       1.26293321E-01
   156.1000       1.25177978E-01       1.26373413E-01
   156.2000       1.25258892E-01       1.26454711E-01
   156.3000       1.25340799E-01       1.26537094E-01
   156.4000       1.25423662E-01       1.26620571E-01
   156.5000       1.25507152E-01       1.26705025E-01
   156.6000       1.25590654E-01       1.26790350E-01
   156.7000       1.25674142E-01       1.26876385E-01
   156.8000       1.25757156E-01       1.26962840E-01
   156.9000       1.25839628E-01       1.27049304E-01
   157.0000       1.25921715E-01       1.27135384E-01
   157.1000       1.26003160E-01       1.27220653E-01
   157.2000       1.26083543E-01       1.27304928E-01
   157.3000       1.26162227E-01       1.27388423E-01
   157.4000       1.26238693E-01       1.27471668E-01
   157.5000       1.26312809E-01       1.27554967E-01
   157.6000       1.26384365E-01       1.27638117E-01
   157.7000       1.26453671E-01       1.27720797E-01
   157.8000       1.26520134E-01       1.27802478E-01
   157.9000       1.26582921E-01       1.27882713E-01
   158.0000       1.26641924E-01       1.27961206E-01
   158.1000       1.26697271E-01       1.28037732E-01
   158.2000       1.26749147E-01       1.28112071E-01
   158.3000       1.26798124E-01       1.28184086E-01
   158.4000       1.26844193E-01       1.28253814E-01
   158.5000       1.26887018E-01       1.28321399E-01
   158.6000       1.26926101E-01       1.28387090E-01
   158.7000       1.26961052E-01       1.28451222E-01
   158.8000       1.26990966E-01       1.28513895E-01
   158.9000       1.27015486E-01       1.28575226E-01
   159.0000       1.27034517E-01       1.28635227E-01
   159.1000       1.27048101E-01       1.28693579E-01
   159.2000       1.27056715E-01       1.28750092E-01
   159.3000       1.27060946E-01       1.28804512E-01
   159.4000       1.27061498E-01       1.28856779E-01
   159.5000       1.27059570E-01       1.28906957E-01
   159.6000       1.27056209E-01       1.28955126E-01
   159.7000       1.27052461E-01       1.29001187E-01
   159.8000       1.27049707E-01       1.29045244E-01
   159.9000       1.27048234E-01       1.29086862E-01
   160.0000       1.27048399E-01       1.29125693E-01
   160.1000       1.27050352E-01       1.29161368E-01
   160.2000       1.27053443E-01       1.29193672E-01
   160.3000       1.27057037E-01       1.29222608E-01
   160.4000       1.27059840E-01       1.29248403E-01
   160.5000       1.27061090E-01       1.29271649E-01
   160.6000       1.27059932E-01       1.29292693E-01
   160.7000       1.27055953E-01       1.29312051E-01
   160.8000       1.27048948E-01       1.29329660E-01
   160.9000       1.27039177E-01       1.29345622E-01
   161.0000       1.27027302E-01       1.29359920E-01
   161.1000       1.27014129E-01       1.29373048E-01
   161.2000       1.27000441E-01       1.29385461E-01
   161.3000       1.26986803E-01       1.29397616E-01
   161.4000       1.26973487E-01       1.29409804E-01
   161.5000       1.26960586E-01       1.29422095E-01
   161.6000       1.26948077E-01       1.29434262E-01
   161.7000       1.26935549E-01       1.29445861E-01
   161.8000       1.26922749E-01       1.29456902E-01
   161.9000       1.26909583E-01       1.29467419E-01
   162.0000       1.26895601E-01       1.29477402E-01
   162.1000       1.26881181E-01       1.29486942E-01
   162.2000       1.26866412E-01       1.29495957E-01
   162.3000       1.26851327E-01       1.29504407E-01
   162.4000       1.26836138E-01       1.29512297E-01
   162.5000       1.26821307E-01       1.29519557E-01
   162.6000       1.26807063E-01       1.29526224E-01
   162.7000       1.26793919E-01       1.29532292E-01
   162.8000       1.26782306E-01       1.29537453E-01
   162.9000       1.26772489E-01       1.29541347E-01
   163.0000       1.26764673E-01       1.29543544E-01
   163.1000       1.26758896E-01       1.29543855E-01
   163.2000       1.26755294E-01       1.29542341E-01
   163.3000       1.26753464E-01       1.29539339E-01
   163.4000       1.26753418E-01       1.29535300E-01
   163.5000       1.26754971E-01       1.29530482E-01
   163.6000       1.26757980E-01       1.29524901E-01
   163.7000       1.26762298E-01       1.29518439E-01
   163.8000       1.26767767E-01       1.29510813E-01
   163.9000       1.26773951E-01       1.29501958E-01
   164.0000       1.26780366E-01       1.29492037E-01
   164.1000       1.26786604E-01       1.29481554E-01
   164.2000       1.26791888E-01       1.29470969E-01
   164.3000       1.26795754E-01       1.29460757E-01
   164.4000       1.26798223E-01       1.29451378E-01
   164.5000       1.26799084E-01       1.29442713E-01
   164.6000       1.26798411E-01       1.29434396E-01
   164.7000       1.26796732E-01       1.29425509E-01
   164.8000       1.26793963E-01       1.29415128E-01
   164.9000       1.26790905E-01       1.29402621E-01
   165.0000       1.26787619E-01       1.29387247E-01
   165.1000       1.26784672E-01       1.29368883E-01
   165.2000       1.26782415E-01       1.29347868E-01
   165.3000       1.26781209E-01       1.29325322E-01
   165.4000       1.26781015E-01       1.29302264E-01
   165.5000       1.26782256E-01       1.29279296E-01
   165.6000       1.26784816E-01       1.29255964E-01
   165.7000       1.26788487E-01       1.29231559E-01
   165.8000       1.26793182E-01       1.29205330E-01
   165.9000       1.26798771E-01       1.29177068E-01
   166.0000       1.26804880E-01       1.29148031E-01
   166.1000       1.26811242E-01       1.29120140E-01
   166.2000       1.26817831E-01       1.29093726E-01
   166.3000       1.26824372E-01       1.29067605E-01
   166.4000       1.26830850E-01       1.29040718E-01
   166.5000       1.26837354E-01       1.29012660E-01
   166.6000       1.26844014E-01       1.28983622E-01
   166.7000       1.26850830E-01       1.28954352E-01
   166.8000       1.26857827E-01       1.28926264E-01
   166.9000       1.26864866E-01       1.28900159E-01
   167.0000       1.26872206E-01       1.28876199E-01
   167.1000       1.26879663E-01       1.28853576E-01
   167.2000       1.26887024E-01       1.28831228E-01
   167.3000       1.26894430E-01       1.28808098E-01
   167.4000       1.26901613E-01       1.28783414E-01
   167.5000       1.26908447E-01       1.28757018E-01
   167.6000       1.26914900E-01       1.28729124E-01
   167.7000       1.26921007E-01       1.28700023E-01
   167.8000       1.26926778E-01       1.28669794E-01
   167.9000       1.26932074E-01       1.28638538E-01
   168.0000       1.26937082E-01       1.28606872E-01
   168.1000       1.26941839E-01       1.28575965E-01
   168.2000       1.26946349E-01       1.28546424E-01
   168.3000       1.26950728E-01       1.28517619E-01
   168.4000       1.26955077E-01       1.28488676E-01
   168.5000       1.26959345E-01       1.28458620E-01
   168.6000       1.26963627E-01       1.28426910E-01
   168.7000       1.26968105E-01       1.28393078E-01
   168.8000       1.26973156E-01       1.28356860E-01
   168.9000       1.26978672E-01       1.28318201E-01
   169.0000       1.26985070E-01       1.28277914E-01
   169.1000       1.26991950E-01       1.28237464E-01
   169.2000       1.26999765E-01       1.28198865E-01
   169.3000       1.27008300E-01       1.28163391E-01
   169.4000       1.27017865E-01       1.28131315E-01
   169.5000       1.27028140E-01       1.28101779E-01
   169.6000       1.27039025E-01       1.28073608E-01
   169.7000       1.27050513E-01       1.28045500E-01
   169.8000       1.27062553E-01       1.28016092E-01
   169.9000       1.27074495E-01       1.27984124E-01
   170.0000       1.27086017E-01       1.27949136E-01
   170.1000       1.27097305E-01       1.27911729E-01
   170.2000       1.27107854E-01       1.27873016E-01
   170.3000       1.27117922E-01       1.27834316E-01
   170.4000       1.27127116E-01       1.27795623E-01
   170.5000       1.27135616E-01       1.27756415E-01
   170.6000       1.27143678E-01       1.27715794E-01
   170.7000       1.27151323E-01       1.27672784E-01
   170.8000       1.27158801E-01       1.27626395E-01
   170.9000       1.27166294E-01       1.27575936E-01
   171.0000       1.27173711E-01       1.27522901E-01
   171.1000       1.27181550E-01       1.27471885E-01
   171.2000       1.27189496E-01       1.27427744E-01
   171.3000       1.27197278E-01       1.27390755E-01
   171.4000       1.27204546E-01       1.27356771E-01
   171.5000       1.27210937E-01       1.27320797E-01
   171.6000       1.27216269E-01       1.27279492E-01
   171.7000       1.27220304E-01       1.27232306E-01
   171.8000       1.27222970E-01       1.27182062E-01
   171.9000       1.27224067E-01       1.27132912E-01
   172.0000       1.27223948E-01       1.27089435E-01
   172.1000       1.27222800E-01       1.27052612E-01
   172.2000       1.27220973E-01       1.27020099E-01
   172.3000       1.27219258E-01       1.26990481E-01
   172.4000       1.27217775E-01       1.26962821E-01
   172.5000       1.27217163E-01       1.26935917E-01
   172.6000       1.27217707E-01       1.26909112E-01
   172.7000       1.27219402E-01       1.26882719E-01
   172.8000       1.27222416E-01       1.26857401E-01
   172.9000       1.27226543E-01       1.26833151E-01
   173.0000       1.27231647E-01       1.26809671E-01
   173.1000       1.27237308E-01       1.26787037E-01
   173.2000       1.27243199E-01       1.26765331E-01
   173.3000       1.27249151E-01       1.26744600E-01
   173.4000       1.27254854E-01       1.26724615E-01
   173.5000       1.27260126E-01       1.26705247E-01
   173.6000       1.27264741E-01       1.26686354E-01
   173.7000       1.27268457E-01       1.26668031E-01
   173.8000       1.27271281E-01       1.26650509E-01
   173.9000       1.27273383E-01       1.26633785E-01
   174.0000       1.27274616E-01       1.26617719E-01
   174.1000       1.27275084E-01       1.26602232E-01
   174.2000       1.27275007E-01       1.26587220E-01
   174.3000       1.27274359E-01       1.26572706E-01
   174.4000       1.27273453E-01       1.26558653E-01
   174.5000       1.27272474E-01       1.26544967E-01
   174.6000       1.27271660E-01       1.26531604E-01
   174.7000       1.27271000E-01       1.26518678E-01
   174.8000       1.27270535E-01       1.26506452E-01
   174.9000       1.27270445E-01       1.26495151E-01
   175.0000       1.27270325E-01       1.26484894E-01
   175.1000       1.27270421E-01       1.26475898E-01
   175.2000       1.27270878E-01       1.26468140E-01
   175.3000       1.27271757E-01       1.26461552E-01
   175.4000       1.27273158E-01       1.26455964E-01
   175.5000       1.27275237E-01       1.26451184E-01
   175.6000       1.27278030E-01       1.26447207E-01
   175.7000       1.27281990E-01       1.26443812E-01
   175.8000       1.27287610E-01       1.26440683E-01
   175.9000       1.27295094E-01       1.26437460E-01
   176.0000       1.27304117E-01       1.26433861E-01
   176.1000       1.27315038E-01       1.26429780E-01
   176.2000       1.27327581E-01       1.26425231E-01
   176.3000       1.27341272E-01       1.26419967E-01
   176.4000       1.27355792E-01       1.26413744E-01
   176.5000       1.27371105E-01       1.26406218E-01
   176.6000       1.27387018E-01       1.26397319E-01
   176.7000       1.27403149E-01       1.26386988E-01
   176.8000       1.27419743E-01       1.26375497E-01
   176.9000       1.27436139E-01       1.26362896E-01
   177.0000       1.27452742E-01       1.26349498E-01
   177.1000       1.27469301E-01       1.26335224E-01
   177.2000       1.27486019E-01       1.26319844E-01
   177.3000       1.27502805E-01       1.26303182E-01
   177.4000       1.27519303E-01       1.26284810E-01
   177.5000       1.27535650E-01       1.26264573E-01
   177.6000       1.27552179E-01       1.26242708E-01
   177.7000       1.27569068E-01       1.26219399E-01
   177.8000       1.27586904E-01       1.26194908E-01
   177.9000       1.27605908E-01       1.26168888E-01
   178.0000       1.27626004E-01       1.26140834E-01
   178.1000       1.27647193E-01       1.26110509E-01
   178.2000       1.27669328E-01       1.26078453E-01
   178.3000       1.27692122E-01       1.26045482E-01
   178.4000       1.27716188E-01       1.26012591E-01
   178.5000       1.27741453E-01       1.25979799E-01
   178.6000       1.27768207E-01       1.25946497E-01
   178.7000       1.27796903E-01       1.25911693E-01
   178.8000       1.27827778E-01       1.25874831E-01
   178.9000       1.27860471E-01       1.25837014E-01
   179.0000       1.27895069E-01       1.25800824E-01
   179.1000       1.27931328E-01       1.25767417E-01
   179.2000       1.27969012E-01       1.25735543E-01
   179.3000       1.28008426E-01       1.25703605E-01
   179.4000       1.28049534E-01       1.25670938E-01
   179.5000       1.28092475E-01       1.25638111E-01
   179.6000       1.28137085E-01       1.25605967E-01
   179.7000       1.28183033E-01       1.25574459E-01
   179.8000       1.28229625E-01       1.25543262E-01
   179.9000       1.28276252E-01       1.25512024E-01
   180.0000       1.28322661E-01       1.25480690E-01
   180.1000       1.28368886E-01       1.25449779E-01
   180.2000       1.28415061E-01       1.25419877E-01
   180.3000       1.28461432E-01       1.25391301E-01
   180.4000       1.28508761E-01       1.25363778E-01
   180.5000       1.28556831E-01       1.25336347E-01
   180.6000       1.28605229E-01       1.25308563E-01
   180.7000       1.28653631E-01       1.25280636E-01
   180.8000       1.28701278E-01       1.25253059E-01
   180.9000       1.28747816E-01       1.25226145E-01
   181.0000       1.28792721E-01       1.25199673E-01
   181.1000       1.28836353E-01       1.25173575E-01
   181.2000       1.28879299E-01       1.25148247E-01
   181.3000       1.28921837E-01       1.25124425E-01
   181.4000       1.28964574E-01       1.25102326E-01
   181.5000       1.29007694E-01       1.25082060E-01
   181.6000       1.29051417E-01       1.25063811E-01
   181.7000       1.29095862E-01       1.25047983E-01
   181.8000       1.29140523E-01       1.25034569E-01
   181.9000       1.29185398E-01       1.25023431E-01
   182.0000       1.29230113E-01       1.25014375E-01
   182.1000       1.29274595E-01       1.25007309E-01
   182.2000       1.29319148E-01       1.25002691E-01
   182.3000       1.29363438E-01       1.25000901E-01
   182.4000       1.29407590E-01       1.25001784E-01
   182.5000       1.29451431E-01       1.25004787E-01
   182.6000       1.29495074E-01       1.25009654E-01
   182.7000       1.29538342E-01       1.25016007E-01
   182.8000       1.29581032E-01       1.25023793E-01
   182.9000       1.29623024E-01       1.25033331E-01
   183.0000       1.29663917E-01       1.25044527E-01
   183.1000       1.29703709E-01       1.25057277E-01
   183.2000       1.29742678E-01       1.25071530E-01
   183.3000       1.29780286E-01       1.25087168E-01
   183.4000       1.29816889E-01       1.25104094E-01
   183.5000       1.29852447E-01       1.25122299E-01
   183.6000       1.29886920E-01       1.25141763E-01
   183.7000       1.29920198E-01       1.25162361E-01
   183.8000       1.29952159E-01       1.25184136E-01
   183.9000       1.29982806E-01       1.25207008E-01
   184.0000       1.30011705E-01       1.25230825E-01
   184.1000       1.30039254E-01       1.25255617E-01
   184.2000       1.30065720E-01       1.25281452E-01
   184.3000       1.30091459E-01       1.25308242E-01
   184.4000       1.30117036E-01       1.25336163E-01
   184.5000       1.30142813E-01       1.25364934E-01
   184.6000       1.30169048E-01       1.25394182E-01
   184.7000       1.30196604E-01       1.25423834E-01
   184.8000       1.30225589E-01       1.25453306E-01
   184.9000       1.30255861E-01       1.25482276E-01
   185.0000       1.30287739E-01       1.25510479E-01
   185.1000       1.30321045E-01       1.25538132E-01
   185.2000       1.30355512E-01       1.25565435E-01
   185.3000       1.30391193E-01       1.25592718E-01
   185.4000       1.30427816E-01       1.25620053E-01
   185.5000       1.30465459E-01       1.25647051E-01
   185.6000       1.30504229E-01       1.25673491E-01
   185.7000       1.30544184E-01       1.25699339E-01
   185.8000       1.30585658E-01       1.25724642E-01
   185.9000       1.30628527E-01       1.25749296E-01
   186.0000       1.30673374E-01       1.25773208E-01
   186.1000       1.30719984E-01       1.25795884E-01
   186.2000       1.30769402E-01       1.25817480E-01
   186.3000       1.30821583E-01       1.25838163E-01
   186.4000       1.30876654E-01       1.25858193E-01
   186.5000       1.30934710E-01       1.25878182E-01
   186.6000       1.30996183E-01       1.25898997E-01
   186.7000       1.31060773E-01       1.25921402E-01
   186.8000       1.31129333E-01       1.25945876E-01
   186.9000       1.31201344E-01       1.25972195E-01
   187.0000       1.31276560E-01       1.26000049E-01
   187.1000       1.31354087E-01       1.26029234E-01
   187.2000       1.31433772E-01       1.26059324E-01
   187.3000       1.31515050E-01       1.26089459E-01
   187.4000       1.31597855E-01       1.26118831E-01
   187.5000       1.31681597E-01       1.26146195E-01
   187.6000       1.31766149E-01       1.26170871E-01
   187.7000       1.31852064E-01       1.26193552E-01
   187.8000       1.31939375E-01       1.26217000E-01
   187.9000       1.32028468E-01       1.26243863E-01
   188.0000       1.32119195E-01       1.26274398E-01
   188.1000       1.32210848E-01       1.26308326E-01
   188.2000       1.32302783E-01       1.26344316E-01
   188.3000       1.32394017E-01       1.26380340E-01
   188.4000       1.32484809E-01       1.26415211E-01
   188.5000       1.32575285E-01       1.26448899E-01
   188.6000       1.32665572E-01       1.26481241E-01
   188.7000       1.32756394E-01       1.26511590E-01
   188.8000       1.32847756E-01       1.26538538E-01
   188.9000       1.32939553E-01       1.26561678E-01
   189.0000       1.33030507E-01       1.26581786E-01
   189.1000       1.33118879E-01       1.26600842E-01
   189.2000       1.33203923E-01       1.26621446E-01
   189.3000       1.33285214E-01       1.26644612E-01
   189.4000       1.33362774E-01       1.26669781E-01
   189.5000       1.33437461E-01       1.26695421E-01
   189.6000       1.33510801E-01       1.26720293E-01
   189.7000       1.33583326E-01       1.26743429E-01
   189.8000       1.33656027E-01       1.26764732E-01
   189.9000       1.33729101E-01       1.26784373E-01
   190.0000       1.33801932E-01       1.26802737E-01
   190.1000       1.33874148E-01       1.26820138E-01
   190.2000       1.33944514E-01       1.26836651E-01
   190.3000       1.34012665E-01       1.26852742E-01
   190.4000       1.34078589E-01       1.26869442E-01
   190.5000       1.34142998E-01       1.26887163E-01
   190.6000       1.34206371E-01       1.26904043E-01
   190.7000       1.34269454E-01       1.26916147E-01
   190.8000       1.34332652E-01       1.26921668E-01
   190.9000       1.34395827E-01       1.26922930E-01
   191.0000       1.34458724E-01       1.26922968E-01
   191.1000       1.34521399E-01       1.26925869E-01
   191.2000       1.34583255E-01       1.26938677E-01
   191.3000       1.34643706E-01       1.26958241E-01
   191.4000       1.34702825E-01       1.26978949E-01
   191.5000       1.34760329E-01       1.27002027E-01
   191.6000       1.34816239E-01       1.27025274E-01
   191.7000       1.34870655E-01       1.27045357E-01
   191.8000       1.34923368E-01       1.27064910E-01
   191.9000       1.34974726E-01       1.27085420E-01
   192.0000       1.35024385E-01       1.27104390E-01
   192.1000       1.35072710E-01       1.27121117E-01
   192.2000       1.35120042E-01       1.27133999E-01
   192.3000       1.35165709E-01       1.27142075E-01
   192.4000       1.35209319E-01       1.27145461E-01
   192.5000       1.35250623E-01       1.27144842E-01
   192.6000       1.35289854E-01       1.27141206E-01
   192.7000       1.35326738E-01       1.27135185E-01
   192.8000       1.35361473E-01       1.27127060E-01
   192.9000       1.35393965E-01       1.27117359E-01
   193.0000       1.35424479E-01       1.27106961E-01
   193.1000       1.35452734E-01       1.27096587E-01
   193.2000       1.35478366E-01       1.27087265E-01
   193.3000       1.35501461E-01       1.27079640E-01
   193.4000       1.35521498E-01       1.27073459E-01
   193.5000       1.35537784E-01       1.27068630E-01
   193.6000       1.35549995E-01       1.27064780E-01
   193.7000       1.35558000E-01       1.27061700E-01
   193.8000       1.35561429E-01       1.27059129E-01
   193.9000       1.35560934E-01       1.27056580E-01
   194.0000       1.35557493E-01       1.27054040E-01
   194.1000       1.35551405E-01       1.27051130E-01
   194.2000       1.35543047E-01       1.27048252E-01
   194.3000       1.35532359E-01       1.27045225E-01
   194.4000       1.35519457E-01       1.27040953E-01
   194.5000       1.35505352E-01       1.27033830E-01
   194.6000       1.35490843E-01       1.27022645E-01
   194.7000       1.35477013E-01       1.27007710E-01
   194.8000       1.35462850E-01       1.26991038E-01
   194.9000       1.35447331E-01       1.26974394E-01
   195.0000       1.35429573E-01       1.26958645E-01
   195.1000       1.35409661E-01       1.26944175E-01
   195.2000       1.35387829E-01       1.26931114E-01
   195.3000       1.35364756E-01       1.26918899E-01
   195.4000       1.35340902E-01       1.26906627E-01
   195.5000       1.35316166E-01       1.26894414E-01
   195.6000       1.35290257E-01       1.26882447E-01
   195.7000       1.35263135E-01       1.26872025E-01
   195.8000       1.35235261E-01       1.26862936E-01
   195.9000       1.35207260E-01       1.26853586E-01
   196.0000       1.35178924E-01       1.26841339E-01
   196.1000       1.35150342E-01       1.26824348E-01
   196.2000       1.35122429E-01       1.26804394E-01
   196.3000       1.35095537E-01       1.26786555E-01
   196.4000       1.35069896E-01       1.26777126E-01
   196.5000       1.35045991E-01       1.26779858E-01
   196.6000       1.35023531E-01       1.26789980E-01
   196.7000       1.35002954E-01       1.26801476E-01
   196.8000       1.34984330E-01       1.26812825E-01
   196.9000       1.34967654E-01       1.26828912E-01
   197.0000       1.34952654E-01       1.26850910E-01
   197.1000       1.34940191E-01       1.26876263E-01
   197.2000       1.34930400E-01       1.26900767E-01
   197.3000       1.34923706E-01       1.26922403E-01
   197.4000       1.34920473E-01       1.26940196E-01
   197.5000       1.34920806E-01       1.26953820E-01
   197.6000       1.34924650E-01       1.26963626E-01
   197.7000       1.34932389E-01       1.26971003E-01
   197.8000       1.34943945E-01       1.26977406E-01
   197.9000       1.34959423E-01       1.26984212E-01
   198.0000       1.34978044E-01       1.26992662E-01
   198.1000       1.34999950E-01       1.27003952E-01
   198.2000       1.35024915E-01       1.27018309E-01
   198.3000       1.35053193E-01       1.27035181E-01
   198.4000       1.35084634E-01       1.27054655E-01
   198.5000       1.35118665E-01       1.27076331E-01
   198.6000       1.35156023E-01       1.27100346E-01
   198.7000       1.35195472E-01       1.27125949E-01
   198.8000       1.35237142E-01       1.27153079E-01
   198.9000       1.35280794E-01       1.27180883E-01
   199.0000       1.35326859E-01       1.27209238E-01
   199.1000       1.35374045E-01       1.27237396E-01
   199.2000       1.35422854E-01       1.27266105E-01
   199.3000       1.35472412E-01       1.27294347E-01
   199.4000       1.35523237E-01       1.27322163E-01
   199.5000       1.35573893E-01       1.27349046E-01
   199.6000       1.35623882E-01       1.27374681E-01
   199.7000       1.35673194E-01       1.27398586E-01
   199.8000       1.35721192E-01       1.27420108E-01
   199.9000       1.35767714E-01       1.27439243E-01
   200.0000       1.35812281E-01       1.27456217E-01
   200.1000       1.35854768E-01       1.27471534E-01
   200.2000       1.35895223E-01       1.27485358E-01
   200.3000       1.35933831E-01       1.27498139E-01
   200.4000       1.35970597E-01       1.27509929E-01
   200.5000       1.36004878E-01       1.27520996E-01
   200.6000       1.36037013E-01       1.27531789E-01
   200.7000       1.36067247E-01       1.27542035E-01
   200.8000       1.36095813E-01       1.27551107E-01
   200.9000       1.36123267E-01       1.27558926E-01
   201.0000       1.36149418E-01       1.27564722E-01
   201.1000       1.36173958E-01       1.27568340E-01
   201.2000       1.36196345E-01       1.27569775E-01
   201.3000       1.36217131E-01       1.27569513E-01
   201.4000       1.36236052E-01       1.27567598E-01
   201.5000       1.36252816E-01       1.27564617E-01
   201.6000       1.36266751E-01       1.27561235E-01
   201.7000       1.36277760E-01       1.27557847E-01
   201.8000       1.36286018E-01       1.27555339E-01
   201.9000       1.36291332E-01       1.27554308E-01
   202.0000       1.36293562E-01       1.27555392E-01
   202.1000       1.36293770E-01       1.27558779E-01
   202.2000       1.36292312E-01       1.27563527E-01
   202.3000       1.36289736E-01       1.27567098E-01
   202.4000       1.36286132E-01       1.27565379E-01
   202.5000       1.36281592E-01       1.27557251E-01
   202.6000       1.36275503E-01       1.27546452E-01
   202.7000       1.36267301E-01       1.27537073E-01
   202.8000       1.36257445E-01       1.27529371E-01
   202.9000       1.36245876E-01       1.27521062E-01
   203.0000       1.36232542E-01       1.27510870E-01
   203.1000       1.36218111E-01       1.27498346E-01
   203.2000       1.36202648E-01       1.27483555E-01
   203.3000       1.36185812E-01       1.27466269E-01
   203.4000       1.36166991E-01       1.27446837E-01
   203.5000       1.36145924E-01       1.27425671E-01
   203.6000       1.36122601E-01       1.27402629E-01
   203.7000       1.36098010E-01       1.27378395E-01
   203.8000       1.36072032E-01       1.27353843E-01
   203.9000       1.36044630E-01       1.27330404E-01
   204.0000       1.36016217E-01       1.27308814E-01
   204.1000       1.35986547E-01       1.27287980E-01
   204.2000       1.35955230E-01       1.27267081E-01
   204.3000       1.35922465E-01       1.27246086E-01
   204.4000       1.35887839E-01       1.27225553E-01
   204.5000       1.35851542E-01       1.27206301E-01
   204.6000       1.35813518E-01       1.27189132E-01
   204.7000       1.35774094E-01       1.27174472E-01
   204.8000       1.35732868E-01       1.27160826E-01
   204.9000       1.35689777E-01       1.27147585E-01
   205.0000       1.35645670E-01       1.27134661E-01
   205.1000       1.35601619E-01       1.27120933E-01
   205.2000       1.35557870E-01       1.27105986E-01
   205.3000       1.35515387E-01       1.27092586E-01
   205.4000       1.35474918E-01       1.27082309E-01
   205.5000       1.35437637E-01       1.27076588E-01
   205.6000       1.35403489E-01       1.27075626E-01
   205.7000       1.35372480E-01       1.27079529E-01
   205.8000       1.35344116E-01       1.27088841E-01
   205.9000       1.35318095E-01       1.27104200E-01
   206.0000       1.35294635E-01       1.27124778E-01
   206.1000       1.35274168E-01       1.27147875E-01
   206.2000       1.35256761E-01       1.27169329E-01
   206.3000       1.35242623E-01       1.27184640E-01
   206.4000       1.35230459E-01       1.27193823E-01
   206.5000       1.35221114E-01       1.27202237E-01
   206.6000       1.35213662E-01       1.27210677E-01
   206.7000       1.35208402E-01       1.27216679E-01
   206.8000       1.35204947E-01       1.27216293E-01
   206.9000       1.35204167E-01       1.27208091E-01
   207.0000       1.35205991E-01       1.27190838E-01
   207.1000       1.35211074E-01       1.27166832E-01
   207.2000       1.35218947E-01       1.27140760E-01
   207.3000       1.35229392E-01       1.27116392E-01
   207.4000       1.35241717E-01       1.27095581E-01
   207.5000       1.35254592E-01       1.27080286E-01
   207.6000       1.35269015E-01       1.27069385E-01
   207.7000       1.35285046E-01       1.27061953E-01
   207.8000       1.35302415E-01       1.27058711E-01
   207.9000       1.35321083E-01       1.27057904E-01
   208.0000       1.35341641E-01       1.27055701E-01
   208.1000       1.35364080E-01       1.27049944E-01
   208.2000       1.35387977E-01       1.27039756E-01
   208.3000       1.35413697E-01       1.27025696E-01
   208.4000       1.35442200E-01       1.27008443E-01
   208.5000       1.35472119E-01       1.26988120E-01
   208.6000       1.35504112E-01       1.26966612E-01
   208.7000       1.35537514E-01       1.26945610E-01
   208.8000       1.35572112E-01       1.26926472E-01
   208.9000       1.35608565E-01       1.26907153E-01
   209.0000       1.35645220E-01       1.26884612E-01
   209.1000       1.35681883E-01       1.26859426E-01
   209.2000       1.35718534E-01       1.26833387E-01
   209.3000       1.35754994E-01       1.26806298E-01
   209.4000       1.35790064E-01       1.26774681E-01
   209.5000       1.35823525E-01       1.26737172E-01
   209.6000       1.35855443E-01       1.26697542E-01
   209.7000       1.35885459E-01       1.26660454E-01
   209.8000       1.35913415E-01       1.26626427E-01
   209.9000       1.35938409E-01       1.26595600E-01
   210.0000       1.35960574E-01       1.26569757E-01
   210.1000       1.35980242E-01       1.26549154E-01
   210.2000       1.35997787E-01       1.26531822E-01
   210.3000       1.36013956E-01       1.26517713E-01
   210.4000       1.36027265E-01       1.26507861E-01
   210.5000       1.36036910E-01       1.26503648E-01
   210.6000       1.36042775E-01       1.26502963E-01
   210.7000       1.36045602E-01       1.26502100E-01
   210.8000       1.36044730E-01       1.26499783E-01
   210.9000       1.36041686E-01       1.26498287E-01
   211.0000       1.36036551E-01       1.26499760E-01
   211.1000       1.36031052E-01       1.26503463E-01
   211.2000       1.36025358E-01       1.26506955E-01
   211.3000       1.36018041E-01       1.26508853E-01
   211.4000       1.36009019E-01       1.26509614E-01
   211.5000       1.35997949E-01       1.26507785E-01
   211.6000       1.35985199E-01       1.26502736E-01
   211.7000       1.35970354E-01       1.26501791E-01
   211.8000       1.35953471E-01       1.26509702E-01
   211.9000       1.35935401E-01       1.26519583E-01
   212.0000       1.35917671E-01       1.26526137E-01
   212.1000       1.35898956E-01       1.26529653E-01
   212.2000       1.35879902E-01       1.26532230E-01
   212.3000       1.35861158E-01       1.26535805E-01
   212.4000       1.35840827E-01       1.26540489E-01
   212.5000       1.35818061E-01       1.26546585E-01
   212.6000       1.35792857E-01       1.26553614E-01
   212.7000       1.35766161E-01       1.26562728E-01
   212.8000       1.35737858E-01       1.26571872E-01
