   100.1000       2.35719840E-01       2.37250085E-01       7.19957311E-02
   100.2000       2.35917717E-01       2.37462940E-01       7.19781442E-02
   100.3000       2.36115272E-01       2.37675015E-01       7.19611599E-02
   100.4000       2.36312427E-01       2.37887235E-01       7.19447252E-02
   100.5000       2.36509083E-01       2.38098968E-01       7.19288111E-02
   100.6000       2.36705131E-01       2.38310713E-01       7.19134314E-02
   100.7000       2.36900475E-01       2.38521712E-01       7.18986386E-02
   100.8000       2.37095057E-01       2.38732103E-01       7.18845007E-02
   100.9000       2.37288864E-01       2.38942380E-01       7.18710641E-02
   101.0000       2.37481926E-01       2.39152211E-01       7.18583192E-02
   101.1000       2.37674302E-01       2.39361708E-01       7.18461942E-02
   101.2000       2.37866059E-01       2.39570521E-01       7.18345838E-02
   101.3000       2.38057263E-01       2.39779012E-01       7.18233989E-02
   101.4000       2.38247973E-01       2.39986585E-01       7.18126142E-02
   101.5000       2.38438243E-01       2.40194141E-01       7.18022916E-02
   101.6000       2.38628116E-01       2.40400791E-01       7.17925730E-02
   101.7000       2.38817621E-01       2.40607124E-01       7.17836386E-02
   101.8000       2.39006765E-01       2.40812922E-01       7.17756366E-02
   101.9000       2.39195530E-01       2.41018427E-01       7.17686193E-02
   102.0000       2.39383875E-01       2.41223305E-01       7.17625170E-02
   102.1000       2.39571744E-01       2.41428260E-01       7.17571755E-02
   102.2000       2.39759076E-01       2.41632697E-01       7.17524363E-02
   102.3000       2.39945814E-01       2.41835949E-01       7.17482175E-02
   102.4000       2.40131924E-01       2.42038964E-01       7.17445537E-02
   102.5000       2.40317393E-01       2.42241809E-01       7.17415831E-02
   102.6000       2.40502231E-01       2.42443969E-01       7.17394952E-02
   102.7000       2.40686468E-01       2.42645393E-01       7.17384655E-02
   102.8000       2.40870149E-01       2.42846576E-01       7.17386070E-02
   102.9000       2.41053334E-01       2.43047104E-01       7.17399638E-02
   103.0000       2.41236099E-01       2.43246640E-01       7.17425454E-02
   103.1000       2.41418529E-01       2.43446710E-01       7.17463768E-02
   103.2000       2.41600724E-01       2.43646062E-01       7.17515377E-02
   103.3000       2.41782779E-01       2.43845410E-01       7.17581700E-02
   103.4000       2.41964779E-01       2.44043919E-01       7.17664481E-02
   103.5000       2.42146795E-01       2.44243097E-01       7.17765221E-02
   103.6000       2.42328888E-01       2.44442247E-01       7.17884623E-02
   103.7000       2.42511116E-01       2.44641029E-01       7.18022325E-02
   103.8000       2.42693537E-01       2.44840300E-01       7.18177010E-02
   103.9000       2.42876210E-01       2.45039627E-01       7.18346731E-02
   104.0000       2.43059188E-01       2.45239305E-01       7.18529144E-02
   104.1000       2.43242521E-01       2.45439131E-01       7.18721521E-02
   104.2000       2.43426252E-01       2.45638856E-01       7.18920544E-02
   104.3000       2.43610421E-01       2.45839093E-01       7.19122071E-02
   104.4000       2.43795065E-01       2.46039416E-01       7.19321093E-02
   104.5000       2.43980226E-01       2.46240357E-01       7.19512031E-02
   104.6000       2.44165951E-01       2.46441569E-01       7.19689339E-02
   104.7000       2.44352289E-01       2.46642606E-01       7.19848143E-02
   104.8000       2.44539282E-01       2.46844513E-01       7.19984703E-02
   104.9000       2.44726966E-01       2.47047063E-01       7.20096558E-02
   105.0000       2.44915364E-01       2.47248833E-01       7.20182474E-02
   105.1000       2.45104486E-01       2.47451848E-01       7.20242321E-02
   105.2000       2.45294325E-01       2.47655054E-01       7.20276999E-02
   105.3000       2.45484855E-01       2.47859208E-01       7.20288361E-02
   105.4000       2.45676030E-01       2.48063815E-01       7.20279036E-02
   105.5000       2.45867783E-01       2.48269123E-01       7.20252133E-02
   105.6000       2.46060035E-01       2.48474681E-01       7.20210917E-02
   105.7000       2.46252712E-01       2.48681264E-01       7.20158634E-02
   105.8000       2.46445760E-01       2.48887998E-01       7.20098595E-02
   105.9000       2.46639163E-01       2.49096063E-01       7.20034386E-02
   106.0000       2.46832957E-01       2.49304448E-01       7.19970045E-02
   106.1000       2.47027224E-01       2.49513637E-01       7.19910019E-02
   106.2000       2.47222079E-01       2.49723320E-01       7.19858861E-02
   106.3000       2.47417653E-01       2.49934987E-01       7.19820810E-02
   106.4000       2.47614067E-01       2.50146436E-01       7.19799333E-02
   106.5000       2.47811419E-01       2.50359217E-01       7.19796719E-02
   106.6000       2.48009775E-01       2.50574032E-01       7.19813818E-02
   106.7000       2.48209170E-01       2.50788639E-01       7.19850035E-02
   106.8000       2.48409624E-01       2.51005170E-01       7.19903715E-02
   106.9000       2.48611150E-01       2.51223574E-01       7.19972924E-02
   107.0000       2.48813751E-01       2.51442705E-01       7.20056381E-02
   107.1000       2.49017419E-01       2.51662810E-01       7.20154191E-02
   107.2000       2.49222129E-01       2.51884121E-01       7.20268110E-02
   107.3000       2.49427836E-01       2.52107139E-01       7.20401300E-02
   107.4000       2.49634479E-01       2.52330563E-01       7.20557622E-02
   107.5000       2.49841997E-01       2.52555957E-01       7.20740703E-02
   107.6000       2.50050336E-01       2.52782021E-01       7.20953081E-02
   107.7000       2.50259458E-01       2.53009498E-01       7.21195620E-02
   107.8000       2.50469331E-01       2.53237558E-01       7.21467276E-02
   107.9000       2.50679920E-01       2.53466279E-01       7.21765130E-02
   108.0000       2.50891186E-01       2.53696141E-01       7.22084598E-02
   108.1000       2.51103098E-01       2.53927482E-01       7.22419927E-02
   108.2000       2.51315639E-01       2.54159158E-01       7.22764966E-02
   108.3000       2.51528793E-01       2.54391632E-01       7.23114060E-02
   108.4000       2.51742543E-01       2.54624628E-01       7.23462750E-02
   108.5000       2.51956864E-01       2.54859228E-01       7.23808051E-02
   108.6000       2.52171721E-01       2.55094513E-01       7.24148306E-02
   108.7000       2.52387081E-01       2.55330758E-01       7.24482734E-02
   108.8000       2.52602919E-01       2.55567844E-01       7.24810908E-02
   108.9000       2.52819227E-01       2.55805199E-01       7.25132357E-02
   109.0000       2.53036017E-01       2.56043831E-01       7.25446482E-02
   109.1000       2.53253325E-01       2.56283262E-01       7.25752808E-02
   109.2000       2.53471205E-01       2.56523503E-01       7.26051307E-02
   109.3000       2.53689719E-01       2.56765059E-01       7.26342561E-02
   109.4000       2.53908926E-01       2.57006307E-01       7.26627709E-02
   109.5000       2.54128868E-01       2.57248986E-01       7.26908339E-02
   109.6000       2.54349560E-01       2.57493016E-01       7.27186331E-02
   109.7000       2.54570974E-01       2.57738017E-01       7.27463620E-02
   109.8000       2.54793037E-01       2.57983051E-01       7.27741839E-02
   109.9000       2.55015627E-01       2.58228586E-01       7.28022015E-02
   110.0000       2.55238585E-01       2.58475501E-01       7.28304409E-02
   110.1000       2.55461735E-01       2.58722439E-01       7.28588519E-02
   110.2000       2.55684900E-01       2.58969009E-01       7.28873133E-02
   110.3000       2.55907918E-01       2.59217425E-01       7.29156473E-02
   110.4000       2.56130659E-01       2.59464876E-01       7.29436428E-02
   110.5000       2.56353016E-01       2.59712547E-01       7.29710913E-02
   110.6000       2.56574906E-01       2.59960956E-01       7.29978330E-02
   110.7000       2.56796249E-01       2.60208682E-01       7.30237895E-02
   110.8000       2.57016963E-01       2.60456781E-01       7.30489716E-02
   110.9000       2.57236959E-01       2.60704520E-01       7.30734538E-02
   111.0000       2.57456147E-01       2.60952745E-01       7.30973345E-02
   111.1000       2.57674446E-01       2.61200708E-01       7.31207012E-02
   111.2000       2.57891792E-01       2.61447920E-01       7.31436132E-02
   111.3000       2.58108143E-01       2.61694895E-01       7.31660888E-02
   111.4000       2.58323475E-01       2.61941497E-01       7.31880863E-02
   111.5000       2.58537779E-01       2.62187145E-01       7.32094817E-02
   111.6000       2.58751047E-01       2.62432653E-01       7.32300695E-02
   111.7000       2.58963273E-01       2.62676569E-01       7.32496040E-02
   111.8000       2.59174451E-01       2.62920426E-01       7.32678699E-02
   111.9000       2.59384575E-01       2.63162708E-01       7.32847364E-02
   112.0000       2.59593642E-01       2.63405154E-01       7.33001551E-02
   112.1000       2.59801650E-01       2.63644708E-01       7.33141001E-02
   112.2000       2.60008598E-01       2.63884625E-01       7.33264933E-02
   112.3000       2.60214490E-01       2.64121979E-01       7.33371778E-02
   112.4000       2.60419333E-01       2.64358121E-01       7.33459605E-02
   112.5000       2.60623137E-01       2.64594315E-01       7.33526886E-02
   112.6000       2.60825908E-01       2.64828100E-01       7.33573022E-02
   112.7000       2.61027645E-01       2.65060345E-01       7.33598368E-02
   112.8000       2.61228327E-01       2.65290787E-01       7.33603894E-02
   112.9000       2.61427914E-01       2.65519419E-01       7.33590890E-02
   113.0000       2.61626349E-01       2.65746369E-01       7.33560926E-02
   113.1000       2.61823564E-01       2.65971223E-01       7.33515966E-02
   113.2000       2.62019489E-01       2.66194581E-01       7.33458381E-02
   113.3000       2.62214056E-01       2.66415539E-01       7.33390716E-02
   113.4000       2.62407212E-01       2.66635039E-01       7.33315322E-02
   113.5000       2.62598916E-01       2.66852954E-01       7.33234140E-02
   113.6000       2.62789145E-01       2.67068879E-01       7.33148618E-02
   113.7000       2.62977888E-01       2.67281432E-01       7.33059685E-02
   113.8000       2.63165141E-01       2.67493308E-01       7.32967762E-02
   113.9000       2.63350902E-01       2.67702475E-01       7.32872880E-02
   114.0000       2.63535184E-01       2.67909447E-01       7.32774991E-02
   114.1000       2.63718011E-01       2.68114748E-01       7.32674326E-02
   114.2000       2.63899428E-01       2.68317476E-01       7.32571684E-02
   114.3000       2.64079498E-01       2.68519440E-01       7.32468657E-02
   114.4000       2.64258305E-01       2.68718152E-01       7.32367597E-02
   114.5000       2.64435942E-01       2.68915758E-01       7.32271317E-02
   114.6000       2.64612500E-01       2.69111212E-01       7.32182692E-02
   114.7000       2.64788058E-01       2.69304380E-01       7.32104254E-02
   114.8000       2.64962672E-01       2.69495800E-01       7.32037853E-02
   114.9000       2.65136368E-01       2.69686206E-01       7.31984535E-02
   115.0000       2.65309150E-01       2.69873329E-01       7.31944749E-02
   115.1000       2.65480996E-01       2.70059706E-01       7.31918828E-02
   115.2000       2.65651862E-01       2.70243059E-01       7.31907514E-02
   115.3000       2.65821686E-01       2.70425602E-01       7.31912365E-02
   115.4000       2.65990395E-01       2.70605707E-01       7.31935751E-02
   115.5000       2.66157905E-01       2.70783891E-01       7.31980489E-02
   115.6000       2.66324122E-01       2.70959450E-01       7.32049443E-02
   115.7000       2.66488951E-01       2.71133479E-01       7.32145217E-02
   115.8000       2.66652291E-01       2.71306561E-01       7.32269814E-02
   115.9000       2.66814054E-01       2.71476605E-01       7.32424227E-02
   116.0000       2.66974161E-01       2.71646373E-01       7.32607987E-02
   116.1000       2.67132559E-01       2.71812629E-01       7.32818757E-02
   116.2000       2.67289226E-01       2.71978383E-01       7.33052108E-02
   116.3000       2.67444172E-01       2.72141550E-01       7.33301734E-02
   116.4000       2.67597441E-01       2.72303490E-01       7.33560106E-02
   116.5000       2.67749108E-01       2.72463958E-01       7.33819501E-02
   116.6000       2.67899271E-01       2.72622286E-01       7.34073221E-02
   116.7000       2.68048036E-01       2.72781234E-01       7.34316596E-02
   116.8000       2.68195495E-01       2.72937074E-01       7.34547346E-02
   116.9000       2.68341718E-01       2.73091890E-01       7.34765320E-02
   117.0000       2.68486743E-01       2.73246129E-01       7.34972099E-02
   117.1000       2.68630590E-01       2.73399141E-01       7.35170854E-02
   117.2000       2.68773275E-01       2.73551245E-01       7.35366434E-02
   117.3000       2.68914827E-01       2.73702645E-01       7.35565307E-02
   117.4000       2.69055279E-01       2.73852995E-01       7.35774802E-02
   117.5000       2.69194652E-01       2.74002171E-01       7.36001713E-02
   117.6000       2.69332937E-01       2.74151023E-01       7.36251075E-02
   117.7000       2.69470103E-01       2.74298262E-01       7.36525849E-02
   117.8000       2.69606116E-01       2.74444335E-01       7.36827731E-02
   117.9000       2.69740972E-01       2.74591567E-01       7.37158280E-02
   118.0000       2.69874707E-01       2.74735303E-01       7.37519357E-02
   118.1000       2.70007410E-01       2.74879421E-01       7.37912446E-02
   118.2000       2.70139223E-01       2.75022637E-01       7.38337508E-02
   118.3000       2.70270330E-01       2.75164381E-01       7.38792363E-02
   118.4000       2.70400945E-01       2.75305687E-01       7.39273237E-02
   118.5000       2.70531288E-01       2.75445756E-01       7.39776196E-02
   118.6000       2.70661561E-01       2.75585062E-01       7.40298362E-02
   118.7000       2.70791924E-01       2.75723120E-01       7.40838228E-02
   118.8000       2.70922477E-01       2.75861297E-01       7.41394958E-02
   118.9000       2.71053256E-01       2.75998192E-01       7.41967262E-02
   119.0000       2.71184244E-01       2.76136241E-01       7.42552568E-02
   119.1000       2.71315386E-01       2.76271510E-01       7.43146891E-02
   119.2000       2.71446593E-01       2.76407137E-01       7.43745195E-02
   119.3000       2.71577762E-01       2.76542515E-01       7.44341810E-02
   119.4000       2.71708774E-01       2.76677002E-01       7.44930750E-02
   119.5000       2.71839499E-01       2.76810297E-01       7.45505878E-02
   119.6000       2.71969815E-01       2.76944648E-01       7.46061161E-02
   119.7000       2.72099609E-01       2.77076600E-01       7.46591200E-02
   119.8000       2.72228773E-01       2.77208298E-01       7.47091918E-02
   119.9000       2.72357189E-01       2.77340770E-01       7.47561084E-02
   120.0000       2.72484733E-01       2.77470934E-01       7.47998416E-02
   120.1000       2.72611272E-01       2.77601609E-01       7.48405223E-02
   120.2000       2.72736682E-01       2.77730765E-01       7.48783896E-02
   120.3000       2.72860849E-01       2.77860702E-01       7.49137500E-02
   120.4000       2.72983659E-01       2.77988645E-01       7.49469520E-02
   120.5000       2.73104991E-01       2.78115752E-01       7.49783711E-02
   120.6000       2.73224718E-01       2.78243640E-01       7.50083921E-02
   120.7000       2.73342717E-01       2.78369788E-01       7.50373848E-02
   120.8000       2.73458889E-01       2.78494584E-01       7.50656707E-02
   120.9000       2.73573183E-01       2.78619468E-01       7.50934852E-02
   121.0000       2.73685590E-01       2.78744271E-01       7.51209495E-02
   121.1000       2.73796136E-01       2.78868249E-01       7.51480691E-02
   121.2000       2.73904862E-01       2.78990633E-01       7.51747693E-02
   121.3000       2.74011803E-01       2.79113862E-01       7.52009639E-02
   121.4000       2.74116997E-01       2.79235690E-01       7.52266031E-02
   121.5000       2.74220525E-01       2.79356455E-01       7.52516623E-02
   121.6000       2.74322528E-01       2.79477333E-01       7.52761380E-02
   121.7000       2.74423183E-01       2.79599336E-01       7.53000553E-02
   121.8000       2.74522682E-01       2.79719527E-01       7.53233813E-02
   121.9000       2.74621186E-01       2.79839725E-01       7.53459285E-02
   122.0000       2.74718767E-01       2.79960299E-01       7.53675287E-02
   122.1000       2.74815401E-01       2.80080933E-01       7.53882625E-02
   122.2000       2.74911078E-01       2.80201740E-01       7.54082893E-02
   122.3000       2.75005790E-01       2.80321390E-01       7.54275985E-02
   122.4000       2.75099472E-01       2.80440468E-01       7.54460096E-02
   122.5000       2.75192095E-01       2.80561523E-01       7.54633036E-02
   122.6000       2.75283762E-01       2.80681103E-01       7.54796580E-02
   122.7000       2.75374751E-01       2.80800709E-01       7.54955125E-02
   122.8000       2.75465387E-01       2.80921123E-01       7.55110598E-02
   122.9000       2.75555864E-01       2.81040700E-01       7.55263638E-02
   123.0000       2.75646431E-01       2.81161832E-01       7.55415705E-02
   123.1000       2.75737582E-01       2.81282932E-01       7.55570420E-02
   123.2000       2.75829983E-01       2.81404792E-01       7.55728613E-02
   123.3000       2.75924601E-01       2.81527135E-01       7.55883422E-02
   123.4000       2.76022487E-01       2.81649967E-01       7.56028081E-02
   123.5000       2.76124299E-01       2.81774032E-01       7.56161837E-02
   123.6000       2.76230250E-01       2.81900213E-01       7.56285242E-02
   123.7000       2.76340227E-01       2.82026065E-01       7.56394009E-02
   123.8000       2.76453883E-01       2.82154540E-01       7.56482757E-02
   123.9000       2.76570797E-01       2.82284841E-01       7.56548737E-02
   124.0000       2.76690500E-01       2.82414975E-01       7.56592360E-02
   124.1000       2.76812488E-01       2.82548385E-01       7.56619056E-02
   124.2000       2.76936328E-01       2.82682383E-01       7.56639471E-02
   124.3000       2.77061679E-01       2.82819930E-01       7.56664295E-02
   124.4000       2.77188183E-01       2.82958051E-01       7.56701834E-02
   124.5000       2.77315534E-01       2.83098951E-01       7.56758676E-02
   124.6000       2.77443736E-01       2.83240404E-01       7.56839178E-02
   124.7000       2.77573184E-01       2.83385581E-01       7.56945661E-02
   124.8000       2.77704434E-01       2.83531784E-01       7.57078004E-02
   124.9000       2.77837966E-01       2.83681656E-01       7.57232780E-02
   125.0000       2.77974024E-01       2.83833639E-01       7.57405580E-02
   125.1000       2.78112560E-01       2.83988051E-01       7.57593950E-02
   125.2000       2.78253365E-01       2.84145339E-01       7.57797308E-02
   125.3000       2.78396149E-01       2.84304575E-01       7.58015043E-02
   125.4000       2.78540597E-01       2.84466580E-01       7.58245560E-02
   125.5000       2.78686443E-01       2.84630471E-01       7.58486870E-02
   125.6000       2.78833546E-01       2.84797687E-01       7.58737068E-02
   125.7000       2.78981918E-01       2.84966302E-01       7.58994042E-02
   125.8000       2.79131663E-01       2.85137145E-01       7.59255287E-02
   125.9000       2.79282927E-01       2.85310250E-01       7.59517921E-02
   126.0000       2.79435860E-01       2.85484954E-01       7.59778927E-02
   126.1000       2.79590559E-01       2.85661885E-01       7.60035719E-02
   126.2000       2.79747043E-01       2.85842028E-01       7.60286284E-02
   126.3000       2.79905277E-01       2.86021931E-01       7.60528925E-02
   126.4000       2.80065190E-01       2.86205607E-01       7.60761785E-02
   126.5000       2.80226703E-01       2.86390056E-01       7.60982524E-02
   126.6000       2.80389756E-01       2.86578854E-01       7.61188563E-02
   126.7000       2.80554324E-01       2.86767644E-01       7.61377534E-02
   126.8000       2.80720419E-01       2.86960045E-01       7.61547901E-02
   126.9000       2.80888077E-01       2.87153274E-01       7.61699828E-02
   127.0000       2.81057345E-01       2.87348912E-01       7.61835918E-02
   127.1000       2.81228270E-01       2.87545888E-01       7.61961268E-02
   127.2000       2.81400890E-01       2.87743939E-01       7.62082641E-02
   127.3000       2.81575229E-01       2.87945420E-01       7.62207306E-02
   127.4000       2.81751310E-01       2.88148864E-01       7.62342033E-02
   127.5000       2.81929154E-01       2.88350179E-01       7.62492415E-02
   127.6000       2.82108757E-01       2.88555555E-01       7.62662721E-02
   127.7000       2.82290051E-01       2.88761587E-01       7.62856025E-02
   127.8000       2.82472882E-01       2.88967143E-01       7.63074352E-02
   127.9000       2.82657026E-01       2.89175078E-01       7.63318632E-02
   128.0000       2.82842223E-01       2.89383167E-01       7.63588577E-02
   128.1000       2.83028233E-01       2.89590087E-01       7.63882576E-02
   128.2000       2.83214871E-01       2.89798595E-01       7.64197875E-02
   128.3000       2.83402028E-01       2.90006712E-01       7.64531174E-02
   128.4000       2.83589675E-01       2.90214207E-01       7.64879483E-02
   128.5000       2.83777838E-01       2.90422729E-01       7.65240846E-02
   128.6000       2.83966500E-01       2.90631982E-01       7.65614481E-02
   128.7000       2.84155514E-01       2.90838604E-01       7.66000463E-02
   128.8000       2.84344607E-01       2.91047863E-01       7.66399413E-02
   128.9000       2.84533426E-01       2.91256157E-01       7.66812528E-02
   129.0000       2.84721595E-01       2.91465982E-01       7.67241688E-02
   129.1000       2.84908760E-01       2.91671944E-01       7.67689186E-02
   129.2000       2.85094640E-01       2.91882159E-01       7.68157011E-02
   129.3000       2.85279057E-01       2.92086996E-01       7.68646216E-02
   129.4000       2.85461927E-01       2.92293220E-01       7.69156679E-02
   129.5000       2.85643219E-01       2.92500417E-01       7.69687245E-02
   129.6000       2.85822909E-01       2.92704030E-01       7.70236019E-02
   129.7000       2.86000940E-01       2.92907896E-01       7.70800434E-02
   129.8000       2.86177211E-01       2.93111388E-01       7.71376966E-02
   129.9000       2.86351591E-01       2.93311000E-01       7.71960901E-02
   130.0000       2.86523925E-01       2.93511176E-01       7.72546475E-02
   130.1000       2.86694046E-01       2.93709293E-01       7.73127379E-02
   130.2000       2.86861789E-01       2.93906586E-01       7.73697392E-02
   130.3000       2.87027014E-01       2.94102638E-01       7.74250864E-02
   130.4000       2.87189615E-01       2.94294155E-01       7.74782922E-02
   130.5000       2.87349513E-01       2.94485316E-01       7.75289461E-02
   130.6000       2.87506642E-01       2.94673525E-01       7.75767220E-02
   130.7000       2.87660949E-01       2.94860636E-01       7.76214116E-02
   130.8000       2.87812405E-01       2.95043398E-01       7.76629720E-02
   130.9000       2.87961016E-01       2.95224431E-01       7.77015344E-02
   131.0000       2.88106824E-01       2.95404320E-01       7.77373606E-02
   131.1000       2.88249911E-01       2.95579775E-01       7.77707806E-02
   131.2000       2.88390391E-01       2.95753344E-01       7.78021685E-02
   131.3000       2.88528411E-01       2.95926148E-01       7.78319569E-02
   131.4000       2.88664118E-01       2.96094889E-01       7.78606266E-02
   131.5000       2.88797638E-01       2.96261284E-01       7.78886596E-02
   131.6000       2.88929075E-01       2.96426352E-01       7.79165001E-02
   131.7000       2.89058528E-01       2.96589387E-01       7.79445369E-02
   131.8000       2.89186092E-01       2.96749876E-01       7.79730770E-02
   131.9000       2.89311846E-01       2.96909133E-01       7.80023147E-02
   132.0000       2.89435847E-01       2.97065355E-01       7.80323472E-02
   132.1000       2.89558128E-01       2.97221249E-01       7.80632508E-02
   132.2000       2.89678689E-01       2.97375071E-01       7.80951472E-02
   132.3000       2.89797493E-01       2.97527030E-01       7.81282197E-02
   132.4000       2.89914480E-01       2.97676427E-01       7.81627221E-02
   132.5000       2.90029577E-01       2.97825160E-01       7.81989736E-02
   132.6000       2.90142679E-01       2.97970319E-01       7.82373043E-02
   132.7000       2.90253651E-01       2.98113691E-01       7.82779862E-02
   132.8000       2.90362377E-01       2.98255583E-01       7.83212144E-02
   132.9000       2.90468808E-01       2.98395356E-01       7.83670999E-02
   133.0000       2.90572993E-01       2.98533017E-01       7.84156639E-02
   133.1000       2.90675064E-01       2.98668509E-01       7.84668695E-02
   133.2000       2.90775172E-01       2.98801176E-01       7.85206334E-02
   133.3000       2.90873421E-01       2.98932410E-01       7.85768106E-02
   133.4000       2.90969880E-01       2.99061243E-01       7.86352163E-02
   133.5000       2.91064625E-01       2.99187458E-01       7.86956553E-02
   133.6000       2.91157780E-01       2.99313376E-01       7.87579223E-02
   133.7000       2.91249506E-01       2.99435003E-01       7.88218082E-02
   133.8000       2.91339983E-01       2.99555323E-01       7.88871080E-02
   133.9000       2.91429416E-01       2.99672976E-01       7.89536021E-02
   134.0000       2.91518029E-01       2.99788974E-01       7.90210487E-02
   134.1000       2.91606044E-01       2.99904332E-01       7.90892132E-02
   134.2000       2.91693680E-01       3.00016557E-01       7.91578928E-02
   134.3000       2.91781200E-01       3.00127445E-01       7.92268981E-02
   134.4000       2.91868895E-01       3.00238486E-01       7.92960140E-02
   134.5000       2.91957029E-01       3.00346347E-01       7.93649790E-02
   134.6000       2.92045807E-01       3.00454657E-01       7.94335171E-02
   134.7000       2.92135354E-01       3.00561782E-01       7.95014487E-02
   134.8000       2.92225696E-01       3.00667358E-01       7.95688288E-02
   134.9000       2.92316766E-01       3.00773845E-01       7.96360383E-02
   135.0000       2.92408458E-01       3.00878860E-01       7.97037700E-02
   135.1000       2.92500661E-01       3.00983015E-01       7.97728602E-02
   135.2000       2.92593284E-01       3.01086873E-01       7.98439925E-02
   135.3000       2.92686269E-01       3.01188786E-01       7.99174468E-02
   135.4000       2.92779595E-01       3.01291443E-01       7.99930241E-02
   135.5000       2.92873264E-01       3.01394298E-01       8.00701287E-02
   135.6000       2.92967272E-01       3.01494663E-01       8.01479513E-02
   135.7000       2.93061579E-01       3.01594831E-01       8.02256755E-02
   135.8000       2.93156087E-01       3.01696084E-01       8.03026703E-02
   135.9000       2.93250628E-01       3.01796486E-01       8.03786239E-02
   136.0000       2.93345005E-01       3.01896332E-01       8.04535445E-02
   136.1000       2.93439017E-01       3.01994530E-01       8.05276403E-02
   136.2000       2.93532472E-01       3.02092353E-01       8.06011549E-02
   136.3000       2.93625160E-01       3.02190103E-01       8.06741992E-02
   136.4000       2.93716819E-01       3.02287872E-01       8.07466349E-02
   136.5000       2.93807126E-01       3.02383643E-01       8.08180855E-02
   136.6000       2.93895757E-01       3.02477908E-01       8.08880577E-02
   136.7000       2.93982484E-01       3.02571941E-01       8.09560917E-02
   136.8000       2.94067230E-01       3.02664599E-01       8.10218835E-02
   136.9000       2.94150057E-01       3.02757347E-01       8.10853713E-02
   137.0000       2.94231121E-01       3.02849626E-01       8.11467303E-02
   137.1000       2.94310588E-01       3.02936473E-01       8.12062686E-02
   137.2000       2.94388592E-01       3.03026735E-01       8.12643073E-02
   137.3000       2.94465285E-01       3.03113856E-01       8.13210947E-02
   137.4000       2.94540899E-01       3.03199105E-01       8.13767673E-02
   137.5000       2.94615657E-01       3.03284248E-01       8.14313755E-02
   137.6000       2.94689568E-01       3.03369080E-01       8.14848931E-02
   137.7000       2.94762319E-01       3.03451529E-01       8.15371897E-02
   137.8000       2.94833410E-01       3.03534859E-01       8.15880729E-02
   137.9000       2.94902489E-01       3.03612882E-01       8.16374003E-02
   138.0000       2.94969549E-01       3.03694109E-01       8.16851398E-02
   138.1000       2.95034892E-01       3.03771153E-01       8.17313474E-02
   138.2000       2.95099033E-01       3.03849620E-01       8.17761243E-02
   138.3000       2.95162538E-01       3.03927995E-01       8.18195710E-02
   138.4000       2.95225856E-01       3.04005277E-01       8.18617698E-02
   138.5000       2.95289208E-01       3.04082746E-01       8.19028128E-02
   138.6000       2.95352523E-01       3.04158734E-01       8.19428349E-02
   138.7000       2.95415456E-01       3.04234164E-01       8.19820254E-02
   138.8000       2.95477529E-01       3.04309103E-01       8.20206205E-02
   138.9000       2.95538371E-01       3.04382905E-01       8.20588779E-02
   139.0000       2.95597892E-01       3.04457957E-01       8.20970417E-02
   139.1000       2.95656280E-01       3.04530685E-01       8.21353086E-02
   139.2000       2.95713858E-01       3.04603345E-01       8.21737767E-02
   139.3000       2.95770938E-01       3.04675007E-01       8.22123886E-02
   139.4000       2.95827735E-01       3.04746942E-01       8.22509224E-02
   139.5000       2.95884358E-01       3.04818773E-01       8.22890352E-02
   139.6000       2.95940833E-01       3.04889984E-01       8.23263703E-02
   139.7000       2.95997117E-01       3.04958178E-01       8.23626752E-02
   139.8000       2.96053100E-01       3.05028648E-01       8.23978782E-02
   139.9000       2.96108615E-01       3.05097262E-01       8.24320893E-02
   140.0000       2.96163454E-01       3.05166603E-01       8.24655444E-02
   140.1000       2.96217401E-01       3.05235348E-01       8.24985258E-02
   140.2000       2.96270261E-01       3.05302260E-01       8.25313078E-02
   140.3000       2.96321900E-01       3.05369828E-01       8.25641353E-02
   140.4000       2.96372272E-01       3.05433516E-01       8.25972177E-02
   140.5000       2.96421435E-01       3.05500229E-01       8.26307183E-02
   140.6000       2.96469534E-01       3.05565197E-01       8.26647286E-02
   140.7000       2.96516770E-01       3.05626383E-01       8.26992476E-02
   140.8000       2.96563376E-01       3.05690229E-01       8.27341801E-02
   140.9000       2.96609601E-01       3.05750605E-01       8.27693561E-02
   141.0000       2.96655702E-01       3.05812543E-01       8.28045576E-02
   141.1000       2.96701914E-01       3.05872088E-01       8.28395346E-02
   141.2000       2.96748439E-01       3.05931189E-01       8.28740223E-02
   141.3000       2.96795451E-01       3.05992957E-01       8.29077605E-02
   141.4000       2.96843116E-01       3.06051395E-01       8.29405212E-02
   141.5000       2.96891594E-01       3.06110492E-01       8.29721525E-02
   141.6000       2.96941039E-01       3.06171163E-01       8.30026117E-02
   141.7000       2.96991585E-01       3.06230399E-01       8.30319817E-02
   141.8000       2.97043345E-01       3.06288956E-01       8.30604494E-02
   141.9000       2.97096407E-01       3.06349362E-01       8.30882630E-02
   142.0000       2.97150815E-01       3.06410259E-01       8.31156955E-02
   142.1000       2.97206552E-01       3.06471482E-01       8.31430268E-02
   142.2000       2.97263515E-01       3.06534019E-01       8.31705520E-02
   142.3000       2.97321508E-01       3.06595254E-01       8.31985968E-02
   142.4000       2.97380251E-01       3.06656951E-01       8.32275156E-02
   142.5000       2.97439406E-01       3.06719353E-01       8.32576792E-02
   142.6000       2.97498638E-01       3.06782269E-01       8.32894398E-02
   142.7000       2.97557670E-01       3.06844047E-01       8.33230797E-02
   142.8000       2.97616323E-01       3.06906661E-01       8.33587724E-02
   142.9000       2.97674525E-01       3.06972167E-01       8.33965602E-02
   143.0000       2.97732294E-01       3.07034873E-01       8.34363415E-02
   143.1000       2.97789694E-01       3.07097816E-01       8.34778682E-02
   143.2000       2.97846762E-01       3.07161424E-01       8.35207453E-02
   143.3000       2.97903427E-01       3.07225738E-01       8.35644449E-02
   143.4000       2.97959444E-01       3.07290023E-01       8.36083583E-02
   143.5000       2.98014413E-01       3.07355902E-01       8.36518949E-02
   143.6000       2.98067917E-01       3.07419208E-01       8.36945762E-02
   143.7000       2.98119692E-01       3.07482670E-01       8.37360755E-02
   143.8000       2.98169700E-01       3.07545902E-01       8.37762007E-02
   143.9000       2.98218041E-01       3.07610183E-01       8.38148669E-02
   144.0000       2.98264884E-01       3.07673830E-01       8.38520561E-02
   144.1000       2.98310431E-01       3.07736917E-01       8.38877867E-02
   144.2000       2.98354899E-01       3.07800504E-01       8.39220807E-02
   144.3000       2.98398512E-01       3.07862881E-01       8.39549606E-02
   144.4000       2.98441494E-01       3.07928211E-01       8.39864586E-02
   144.5000       2.98484057E-01       3.07993879E-01       8.40166464E-02
   144.6000       2.98526387E-01       3.08056693E-01       8.40456494E-02
   144.7000       2.98568635E-01       3.08122112E-01       8.40736429E-02
   144.8000       2.98610907E-01       3.08188952E-01       8.41008369E-02
   144.9000       2.98653269E-01       3.08254811E-01       8.41274536E-02
   145.0000       2.98695749E-01       3.08323755E-01       8.41537047E-02
   145.1000       2.98738347E-01       3.08390743E-01       8.41797925E-02
   145.2000       2.98781054E-01       3.08460291E-01       8.42059088E-02
   145.3000       2.98823868E-01       3.08529059E-01       8.42322353E-02
   145.4000       2.98866816E-01       3.08598219E-01       8.42589266E-02
   145.5000       2.98909950E-01       3.08669006E-01       8.42860665E-02
   145.6000       2.98953304E-01       3.08739349E-01       8.43136443E-02
   145.7000       2.98996818E-01       3.08811209E-01       8.43416026E-02
   145.8000       2.99040332E-01       3.08880841E-01       8.43699335E-02
   145.9000       2.99083735E-01       3.08954524E-01       8.43987591E-02
   146.0000       2.99127110E-01       3.09025960E-01       8.44283734E-02
   146.1000       2.99170655E-01       3.09099164E-01       8.44592614E-02
   146.2000       2.99214521E-01       3.09172057E-01       8.44920332E-02
   146.3000       2.99258743E-01       3.09247815E-01       8.45272204E-02
   146.4000       2.99303270E-01       3.09319734E-01       8.45649533E-02
   146.5000       2.99348025E-01       3.09398503E-01       8.46046696E-02
   146.6000       2.99392939E-01       3.09473323E-01       8.46450636E-02
   146.7000       2.99437955E-01       3.09550594E-01       8.46844016E-02
   146.8000       2.99483018E-01       3.09630204E-01       8.47211534E-02
   146.9000       2.99528062E-01       3.09706058E-01       8.47546514E-02
   147.0000       2.99573022E-01       3.09785693E-01       8.47854111E-02
   147.1000       2.99617842E-01       3.09866385E-01       8.48148765E-02
   147.2000       2.99662500E-01       3.09944649E-01       8.48446899E-02
   147.3000       2.99707017E-01       3.10024222E-01       8.48758771E-02
   147.4000       2.99751453E-01       3.10109253E-01       8.49084420E-02
   147.5000       2.99795896E-01       3.10187632E-01       8.49415675E-02
   147.6000       2.99840443E-01       3.10269206E-01       8.49742432E-02
   147.7000       2.99885199E-01       3.10351485E-01       8.50058562E-02
   147.8000       2.99930278E-01       3.10434539E-01       8.50364084E-02
   147.9000       2.99975828E-01       3.10518053E-01       8.50663361E-02
   148.0000       3.00022040E-01       3.10600912E-01       8.50961889E-02
   148.1000       3.00069155E-01       3.10685861E-01       8.51264012E-02
   148.2000       3.00117455E-01       3.10768332E-01       8.51572603E-02
   148.3000       3.00167236E-01       3.10852798E-01       8.51889795E-02
   148.4000       3.00218777E-01       3.10936912E-01       8.52217436E-02
   148.5000       3.00272302E-01       3.11023517E-01       8.52556845E-02
   148.6000       3.00327962E-01       3.11107481E-01       8.52908082E-02
   148.7000       3.00385820E-01       3.11194047E-01       8.53269405E-02
   148.8000       3.00445852E-01       3.11281738E-01       8.53637365E-02
   148.9000       3.00507915E-01       3.11368674E-01       8.54007396E-02
   149.0000       3.00571708E-01       3.11456881E-01       8.54374957E-02
   149.1000       3.00636760E-01       3.11545051E-01       8.54736975E-02
   149.2000       3.00702512E-01       3.11635345E-01       8.55093072E-02
   149.3000       3.00768559E-01       3.11727127E-01       8.55445473E-02
   149.4000       3.00834897E-01       3.11816156E-01       8.55797268E-02
   149.5000       3.00901849E-01       3.11909231E-01       8.56149670E-02
   149.6000       3.00969727E-01       3.12003206E-01       8.56499926E-02
   149.7000       3.01038588E-01       3.12095362E-01       8.56840780E-02
   149.8000       3.01108208E-01       3.12190810E-01       8.57161921E-02
   149.9000       3.01178155E-01       3.12284166E-01       8.57452681E-02
   150.0000       3.01247960E-01       3.12376370E-01       8.57704649E-02
   150.1000       3.01317280E-01       3.12475136E-01       8.57913610E-02
   150.2000       3.01385984E-01       3.12567618E-01       8.58080336E-02
   150.3000       3.01454105E-01       3.12665348E-01       8.58210242E-02
   150.4000       3.01521727E-01       3.12757058E-01       8.58312195E-02
   150.5000       3.01588895E-01       3.12855069E-01       8.58397016E-02
   150.6000       3.01655546E-01       3.12950093E-01       8.58475616E-02
   150.7000       3.01721531E-01       3.13047457E-01       8.58557081E-02
   150.8000       3.01786659E-01       3.13143325E-01       8.58647727E-02
   150.9000       3.01850760E-01       3.13239526E-01       8.58751522E-02
   151.0000       3.01913767E-01       3.13336225E-01       8.58870722E-02
   151.1000       3.01975767E-01       3.13432351E-01       8.59006549E-02
   151.2000       3.02036948E-01       3.13530449E-01       8.59159959E-02
   151.3000       3.02097515E-01       3.13626369E-01       8.59332281E-02
   151.4000       3.02157599E-01       3.13722736E-01       8.59525053E-02
   151.5000       3.02217212E-01       3.13817211E-01       8.59739074E-02
   151.6000       3.02276270E-01       3.13913506E-01       8.59972993E-02
   151.7000       3.02334667E-01       3.14009780E-01       8.60222406E-02
   151.8000       3.02392383E-01       3.14101866E-01       8.60479994E-02
   151.9000       3.02449518E-01       3.14195667E-01       8.60737061E-02
   152.0000       3.02506266E-01       3.14288128E-01       8.60985834E-02
   152.1000       3.02562857E-01       3.14380211E-01       8.61221194E-02
   152.2000       3.02619510E-01       3.14471037E-01       8.61441053E-02
   152.3000       3.02676454E-01       3.14560974E-01       8.61645546E-02
   152.4000       3.02733991E-01       3.14651513E-01       8.61835823E-02
   152.5000       3.02792491E-01       3.14741037E-01       8.62013016E-02
   152.6000       3.02852173E-01       3.14829314E-01       8.62177995E-02
   152.7000       3.02912972E-01       3.14917017E-01       8.62331662E-02
   152.8000       3.02974717E-01       3.15005167E-01       8.62475628E-02
   152.9000       3.03037258E-01       3.15090963E-01       8.62612951E-02
   153.0000       3.03100427E-01       3.15174692E-01       8.62747988E-02
   153.1000       3.03163995E-01       3.15257563E-01       8.62885434E-02
   153.2000       3.03227698E-01       3.15339982E-01       8.63029132E-02
   153.3000       3.03291291E-01       3.15421607E-01       8.63181269E-02
   153.4000       3.03354594E-01       3.15499448E-01       8.63342207E-02
   153.5000       3.03417507E-01       3.15577950E-01       8.63511081E-02
   153.6000       3.03480010E-01       3.15653383E-01       8.63686684E-02
   153.7000       3.03542196E-01       3.15728649E-01       8.63868067E-02
   153.8000       3.03604251E-01       3.15803523E-01       8.64054848E-02
   153.9000       3.03666370E-01       3.15874950E-01       8.64247150E-02
   154.0000       3.03728679E-01       3.15946409E-01       8.64445404E-02
   154.1000       3.03791228E-01       3.16016078E-01       8.64649982E-02
   154.2000       3.03854023E-01       3.16086339E-01       8.64860613E-02
   154.3000       3.03917017E-01       3.16154174E-01       8.65076078E-02
   154.4000       3.03980092E-01       3.16222435E-01       8.65294440E-02
   154.5000       3.04043065E-01       3.16292325E-01       8.65513889E-02
   154.6000       3.04105718E-01       3.16358426E-01       8.65733857E-02
   154.7000       3.04167887E-01       3.16425822E-01       8.65955529E-02
   154.8000       3.04229517E-01       3.16492456E-01       8.66181786E-02
   154.9000       3.04290673E-01       3.16558239E-01       8.66416502E-02
   155.0000       3.04351479E-01       3.16626516E-01       8.66663491E-02
   155.1000       3.04412029E-01       3.16692505E-01       8.66925459E-02
   155.2000       3.04472328E-01       3.16758796E-01       8.67202839E-02
   155.3000       3.04532288E-01       3.16820972E-01       8.67493136E-02
   155.4000       3.04591780E-01       3.16884166E-01       8.67791211E-02
   155.5000       3.04650697E-01       3.16945938E-01       8.68090472E-02
   155.6000       3.04709017E-01       3.17008934E-01       8.68384428E-02
   155.7000       3.04766824E-01       3.17071633E-01       8.68667992E-02
   155.8000       3.04824285E-01       3.17128885E-01       8.68938033E-02
   155.9000       3.04881621E-01       3.17189296E-01       8.69193295E-02
   156.0000       3.04939063E-01       3.17249989E-01       8.69433712E-02
   156.1000       3.04996836E-01       3.17306483E-01       8.69659668E-02
   156.2000       3.05055143E-01       3.17365192E-01       8.69871333E-02
   156.3000       3.05114150E-01       3.17421112E-01       8.70068410E-02
   156.4000       3.05173980E-01       3.17476380E-01       8.70250019E-02
   156.5000       3.05234700E-01       3.17533845E-01       8.70414804E-02
   156.6000       3.05296317E-01       3.17592379E-01       8.70561277E-02
   156.7000       3.05358782E-01       3.17648090E-01       8.70688330E-02
   156.8000       3.05422005E-01       3.17706596E-01       8.70795935E-02
   156.9000       3.05485879E-01       3.17763583E-01       8.70885874E-02
   157.0000       3.05550317E-01       3.17825746E-01       8.70961991E-02
   157.1000       3.05615275E-01       3.17880111E-01       8.71030155E-02
   157.2000       3.05680758E-01       3.17942506E-01       8.71097706E-02
   157.3000       3.05746819E-01       3.18001371E-01       8.71172491E-02
   157.4000       3.05813530E-01       3.18060867E-01       8.71261599E-02
   157.5000       3.05880942E-01       3.18122939E-01       8.71370418E-02
   157.6000       3.05949077E-01       3.18181342E-01       8.71501928E-02
   157.7000       3.06017950E-01       3.18243580E-01       8.71656053E-02
   157.8000       3.06087578E-01       3.18309702E-01       8.71829652E-02
   157.9000       3.06158001E-01       3.18371367E-01       8.72017818E-02
   158.0000       3.06229287E-01       3.18435459E-01       8.72215377E-02
   158.1000       3.06301544E-01       3.18500001E-01       8.72417426E-02
   158.2000       3.06374916E-01       3.18564872E-01       8.72620159E-02
   158.3000       3.06449585E-01       3.18631566E-01       8.72821700E-02
   158.4000       3.06525740E-01       3.18697441E-01       8.73021162E-02
   158.5000       3.06603533E-01       3.18764628E-01       8.73217459E-02
   158.6000       3.06683090E-01       3.18832834E-01       8.73409551E-02
   158.7000       3.06764502E-01       3.18901713E-01       8.73596265E-02
   158.8000       3.06847793E-01       3.18972762E-01       8.73776572E-02
   158.9000       3.06932929E-01       3.19047798E-01       8.73950131E-02
   159.0000       3.07019865E-01       3.19119103E-01       8.74117274E-02
   159.1000       3.07108530E-01       3.19196260E-01       8.74279372E-02
   159.2000       3.07198839E-01       3.19276088E-01       8.74439195E-02
   159.3000       3.07290726E-01       3.19355498E-01       8.74600618E-02
   159.4000       3.07384149E-01       3.19437070E-01       8.74768108E-02
   159.5000       3.07479079E-01       3.19522456E-01       8.74946351E-02
   159.6000       3.07575479E-01       3.19607956E-01       8.75139834E-02
   159.7000       3.07673281E-01       3.19694914E-01       8.75352347E-02
   159.8000       3.07772394E-01       3.19785002E-01       8.75586487E-02
   159.9000       3.07872707E-01       3.19877870E-01       8.75843407E-02
   160.0000       3.07974094E-01       3.19970813E-01       8.76122845E-02
   160.1000       3.08076404E-01       3.20065262E-01       8.76423537E-02
   160.2000       3.08179464E-01       3.20163366E-01       8.76743869E-02
   160.3000       3.08283082E-01       3.20261068E-01       8.77082271E-02
   160.4000       3.08387073E-01       3.20358855E-01       8.77437225E-02
   160.5000       3.08491307E-01       3.20460651E-01       8.77806981E-02
   160.6000       3.08595738E-01       3.20561610E-01       8.78189023E-02
   160.7000       3.08700415E-01       3.20666784E-01       8.78579844E-02
   160.8000       3.08805426E-01       3.20770852E-01       8.78975151E-02
   160.9000       3.08910844E-01       3.20876500E-01       8.79370397E-02
   161.0000       3.09016677E-01       3.20984183E-01       8.79761677E-02
   161.1000       3.09122859E-01       3.21092365E-01       8.80146282E-02
   161.2000       3.09229272E-01       3.21201697E-01       8.80522936E-02
   161.3000       3.09335782E-01       3.21311404E-01       8.80891569E-02
   161.4000       3.09442264E-01       3.21425257E-01       8.81252770E-02
   161.5000       3.09548616E-01       3.21534163E-01       8.81607160E-02
   161.6000       3.09654759E-01       3.21649768E-01       8.81955035E-02
   161.7000       3.09760626E-01       3.21764226E-01       8.82296474E-02
   161.8000       3.09866145E-01       3.21876316E-01       8.82631955E-02
   161.9000       3.09971240E-01       3.21993348E-01       8.82962915E-02
   162.0000       3.10075833E-01       3.22108961E-01       8.83291922E-02
   162.1000       3.10179873E-01       3.22226772E-01       8.83622242E-02
   162.2000       3.10283376E-01       3.22340943E-01       8.83956843E-02
   162.3000       3.10386453E-01       3.22456030E-01       8.84297211E-02
   162.4000       3.10489300E-01       3.22573914E-01       8.84642523E-02
   162.5000       3.10592182E-01       3.22689214E-01       8.84989521E-02
   162.6000       3.10695372E-01       3.22806022E-01       8.85333250E-02
   162.7000       3.10799107E-01       3.22919821E-01       8.85668569E-02
   162.8000       3.10903552E-01       3.23037209E-01       8.85991668E-02
   162.9000       3.11008801E-01       3.23155584E-01       8.86301172E-02
   163.0000       3.11114887E-01       3.23270679E-01       8.86598603E-02
   163.1000       3.11221812E-01       3.23387426E-01       8.86888003E-02
   163.2000       3.11329548E-01       3.23501540E-01       8.87174794E-02
   163.3000       3.11438017E-01       3.23623823E-01       8.87464616E-02
   163.4000       3.11547076E-01       3.23738365E-01       8.87762116E-02
   163.5000       3.11656518E-01       3.23860662E-01       8.88070227E-02
   163.6000       3.11766098E-01       3.23979509E-01       8.88390085E-02
   163.7000       3.11875556E-01       3.24097933E-01       8.88721378E-02
   163.8000       3.11984624E-01       3.24215391E-01       8.89062788E-02
   163.9000       3.12093019E-01       3.24335300E-01       8.89412499E-02
   164.0000       3.12200445E-01       3.24452924E-01       8.89768087E-02
   164.1000       3.12306642E-01       3.24575039E-01       8.90126286E-02
   164.2000       3.12411447E-01       3.24690257E-01       8.90482689E-02
   164.3000       3.12514810E-01       3.24806423E-01       8.90831697E-02
   164.4000       3.12616758E-01       3.24922421E-01       8.91167077E-02
   164.5000       3.12717366E-01       3.25039690E-01       8.91482832E-02
   164.6000       3.12816744E-01       3.25154989E-01       8.91773997E-02
   164.7000       3.12915068E-01       3.25269516E-01       8.92037066E-02
   164.8000       3.13012571E-01       3.25384267E-01       8.92270128E-02
   164.9000       3.13109523E-01       3.25499635E-01       8.92472763E-02
   165.0000       3.13206197E-01       3.25611221E-01       8.92645731E-02
   165.1000       3.13302802E-01       3.25720177E-01       8.92790811E-02
   165.2000       3.13399449E-01       3.25833763E-01       8.92910502E-02
   165.3000       3.13496144E-01       3.25941888E-01       8.93007851E-02
   165.4000       3.13592795E-01       3.26047751E-01       8.93086044E-02
   165.5000       3.13689218E-01       3.26156897E-01       8.93148020E-02
   165.6000       3.13785150E-01       3.26261207E-01       8.93196415E-02
   165.7000       3.13880267E-01       3.26368555E-01       8.93233957E-02
   165.8000       3.13974249E-01       3.26468925E-01       8.93264089E-02
   165.9000       3.14066911E-01       3.26570543E-01       8.93291045E-02
   166.0000       3.14158324E-01       3.26666842E-01       8.93318982E-02
   166.1000       3.14248726E-01       3.26763916E-01       8.93351470E-02
   166.2000       3.14338349E-01       3.26856459E-01       8.93391635E-02
   166.3000       3.14427329E-01       3.26947962E-01       8.93442826E-02
   166.4000       3.14515704E-01       3.27040029E-01       8.93508724E-02
   166.5000       3.14603379E-01       3.27130926E-01       8.93592566E-02
   166.6000       3.14690065E-01       3.27215441E-01       8.93695850E-02
   166.7000       3.14775303E-01       3.27300686E-01       8.93817871E-02
   166.8000       3.14858574E-01       3.27381118E-01       8.93956098E-02
   166.9000       3.14939466E-01       3.27462015E-01       8.94106752E-02
   167.0000       3.15017816E-01       3.27538518E-01       8.94265281E-02
   167.1000       3.15093744E-01       3.27613007E-01       8.94427083E-02
   167.2000       3.15167579E-01       3.27689214E-01       8.94588065E-02
   167.3000       3.15239739E-01       3.27761725E-01       8.94744929E-02
   167.4000       3.15310621E-01       3.27829892E-01       8.94895520E-02
   167.5000       3.15380537E-01       3.27900198E-01       8.95039316E-02
   167.6000       3.15449718E-01       3.27962379E-01       8.95177842E-02
   167.7000       3.15518322E-01       3.28025729E-01       8.95314769E-02
   167.8000       3.15586440E-01       3.28086767E-01       8.95455368E-02
   167.9000       3.15654066E-01       3.28149220E-01       8.95605207E-02
   168.0000       3.15721052E-01       3.28209479E-01       8.95768636E-02
   168.1000       3.15787119E-01       3.28262195E-01       8.95947456E-02
   168.2000       3.15851970E-01       3.28316872E-01       8.96140381E-02
   168.3000       3.15915452E-01       3.28367741E-01       8.96343514E-02
   168.4000       3.15977627E-01       3.28418031E-01       8.96551724E-02
   168.5000       3.16038712E-01       3.28467037E-01       8.96760173E-02
   168.6000       3.16098979E-01       3.28512528E-01       8.96965247E-02
   168.7000       3.16158705E-01       3.28555348E-01       8.97164826E-02
   168.8000       3.16218167E-01       3.28599055E-01       8.97357943E-02
   168.9000       3.16277641E-01       3.28637075E-01       8.97544187E-02
   169.0000       3.16337367E-01       3.28678187E-01       8.97723124E-02
   169.1000       3.16397492E-01       3.28718116E-01       8.97894149E-02
   169.2000       3.16458038E-01       3.28753686E-01       8.98056375E-02
   169.3000       3.16518906E-01       3.28787870E-01       8.98208635E-02
   169.4000       3.16579935E-01       3.28822233E-01       8.98349344E-02
   169.5000       3.16640962E-01       3.28857385E-01       8.98476436E-02
   169.6000       3.16701875E-01       3.28889672E-01       8.98587443E-02
   169.7000       3.16762621E-01       3.28921781E-01       8.98679702E-02
   169.8000       3.16823183E-01       3.28951789E-01       8.98750697E-02
   169.9000       3.16883546E-01       3.28981183E-01       8.98798403E-02
   170.0000       3.16943675E-01       3.29009303E-01       8.98821764E-02
   170.1000       3.17003540E-01       3.29041644E-01       8.98821203E-02
   170.2000       3.17063119E-01       3.29069816E-01       8.98798899E-02
   170.3000       3.17122402E-01       3.29096384E-01       8.98758865E-02
   170.4000       3.17181383E-01       3.29126803E-01       8.98706547E-02
   170.5000       3.17240131E-01       3.29156419E-01       8.98648114E-02
   170.6000       3.17298863E-01       3.29182200E-01       8.98589838E-02
   170.7000       3.17357934E-01       3.29210123E-01       8.98537527E-02
   170.8000       3.17417802E-01       3.29240374E-01       8.98496027E-02
   170.9000       3.17479010E-01       3.29269336E-01       8.98468593E-02
   171.0000       3.17541981E-01       3.29300131E-01       8.98456243E-02
   171.1000       3.17606513E-01       3.29332449E-01       8.98458134E-02
   171.2000       3.17671755E-01       3.29365712E-01       8.98472900E-02
   171.3000       3.17736914E-01       3.29404550E-01       8.98499775E-02
   171.4000       3.17801651E-01       3.29436085E-01       8.98538815E-02
   171.5000       3.17865925E-01       3.29472883E-01       8.98590631E-02
   171.6000       3.17929872E-01       3.29512386E-01       8.98656702E-02
   171.7000       3.17993848E-01       3.29547918E-01       8.98739737E-02
   171.8000       3.18058304E-01       3.29588902E-01       8.98843200E-02
   171.9000       3.18123446E-01       3.29631775E-01       8.98970249E-02
   172.0000       3.18189159E-01       3.29677733E-01       8.99122937E-02
   172.1000       3.18255293E-01       3.29723088E-01       8.99302161E-02
   172.2000       3.18321897E-01       3.29770728E-01       8.99507566E-02
   172.3000       3.18389119E-01       3.29819331E-01       8.99737312E-02
   172.4000       3.18457029E-01       3.29874383E-01       8.99988405E-02
   172.5000       3.18525579E-01       3.29925632E-01       9.00257212E-02
   172.6000       3.18594652E-01       3.29985135E-01       9.00539978E-02
   172.7000       3.18664122E-01       3.30042723E-01       9.00833465E-02
   172.8000       3.18733886E-01       3.30105957E-01       9.01135061E-02
   172.9000       3.18803860E-01       3.30167650E-01       9.01442740E-02
   173.0000       3.18873973E-01       3.30229739E-01       9.01755049E-02
   173.1000       3.18944148E-01       3.30295272E-01       9.02071063E-02
   173.2000       3.19014321E-01       3.30368568E-01       9.02390087E-02
   173.3000       3.19084484E-01       3.30438334E-01       9.02710980E-02
   173.4000       3.19154738E-01       3.30512016E-01       9.03031637E-02
   173.5000       3.19225299E-01       3.30587346E-01       9.03348858E-02
   173.6000       3.19296458E-01       3.30667554E-01       9.03658424E-02
   173.7000       3.19368527E-01       3.30746249E-01       9.03955559E-02
   173.8000       3.19441808E-01       3.30825346E-01       9.04235413E-02
   173.9000       3.19516562E-01       3.30912823E-01       9.04493605E-02
   174.0000       3.19593002E-01       3.30996846E-01       9.04726692E-02
   174.1000       3.19671283E-01       3.31087690E-01       9.04932521E-02
   174.2000       3.19751516E-01       3.31179665E-01       9.05110514E-02
   174.3000       3.19833769E-01       3.31273806E-01       9.05261828E-02
   174.4000       3.19918064E-01       3.31371748E-01       9.05389248E-02
   174.5000       3.20004378E-01       3.31469706E-01       9.05496847E-02
   174.6000       3.20092655E-01       3.31571252E-01       9.05589290E-02
   174.7000       3.20182801E-01       3.31675916E-01       9.05670995E-02
   174.8000       3.20274706E-01       3.31784077E-01       9.05745321E-02
   174.9000       3.20368247E-01       3.31895085E-01       9.05814242E-02
   175.0000       3.20463297E-01       3.32005501E-01       9.05878175E-02
   175.1000       3.20559726E-01       3.32119272E-01       9.05936391E-02
   175.2000       3.20657421E-01       3.32236961E-01       9.05987465E-02
   175.3000       3.20756283E-01       3.32352192E-01       9.06030026E-02
   175.4000       3.20856215E-01       3.32469850E-01       9.06063192E-02
   175.5000       3.20957131E-01       3.32591467E-01       9.06086718E-02
   175.6000       3.21058938E-01       3.32709883E-01       9.06101244E-02
   175.7000       3.21161546E-01       3.32835494E-01       9.06108034E-02
   175.8000       3.21264888E-01       3.32955516E-01       9.06108635E-02
   175.9000       3.21368909E-01       3.33082053E-01       9.06104618E-02
   176.0000       3.21473569E-01       3.33205295E-01       9.06097278E-02
   176.1000       3.21578845E-01       3.33335084E-01       9.06087519E-02
   176.2000       3.21684722E-01       3.33462569E-01       9.06075932E-02
   176.3000       3.21791163E-01       3.33590073E-01       9.06062712E-02
   176.4000       3.21898109E-01       3.33716660E-01       9.06047723E-02
   176.5000       3.22005497E-01       3.33847441E-01       9.06030422E-02
   176.6000       3.22113298E-01       3.33976627E-01       9.06009806E-02
   176.7000       3.22221548E-01       3.34106450E-01       9.05984325E-02
   176.8000       3.22330346E-01       3.34238924E-01       9.05951914E-02
   176.9000       3.22439802E-01       3.34371338E-01       9.05910456E-02
   177.0000       3.22549974E-01       3.34502383E-01       9.05858121E-02
   177.1000       3.22660831E-01       3.34634029E-01       9.05793829E-02
   177.2000       3.22772238E-01       3.34769959E-01       9.05717629E-02
   177.3000       3.22883983E-01       3.34903663E-01       9.05630640E-02
   177.4000       3.22995843E-01       3.35039616E-01       9.05535002E-02
   177.5000       3.23107640E-01       3.35170876E-01       9.05433365E-02
   177.6000       3.23219287E-01       3.35308393E-01       9.05328387E-02
   177.7000       3.23330758E-01       3.35443884E-01       9.05222371E-02
   177.8000       3.23442077E-01       3.35579654E-01       9.05117093E-02
   177.9000       3.23553327E-01       3.35715996E-01       9.05013768E-02
   178.0000       3.23664650E-01       3.35852980E-01       9.04913040E-02
   178.1000       3.23776244E-01       3.35990750E-01       9.04815262E-02
   178.2000       3.23888318E-01       3.36132637E-01       9.04720693E-02
   178.3000       3.24001023E-01       3.36269900E-01       9.04629680E-02
   178.4000       3.24114429E-01       3.36411248E-01       9.04542505E-02
   178.5000       3.24228550E-01       3.36548227E-01       9.04459274E-02
   178.6000       3.24343415E-01       3.36686729E-01       9.04379786E-02
   178.7000       3.24459107E-01       3.36826521E-01       9.04303152E-02
   178.8000       3.24575783E-01       3.36969788E-01       9.04227561E-02
   178.9000       3.24693611E-01       3.37110648E-01       9.04150566E-02
   179.0000       3.24812575E-01       3.37255896E-01       9.04069449E-02
   179.1000       3.24932326E-01       3.37399023E-01       9.03981934E-02
   179.2000       3.25052414E-01       3.37546524E-01       9.03886879E-02
   179.3000       3.25172571E-01       3.37689314E-01       9.03784500E-02
   179.4000       3.25292743E-01       3.37837202E-01       9.03676252E-02
   179.5000       3.25412971E-01       3.37983307E-01       9.03564301E-02
   179.6000       3.25533306E-01       3.38132560E-01       9.03451081E-02
   179.7000       3.25653807E-01       3.38280582E-01       9.03338965E-02
   179.8000       3.25774570E-01       3.38431391E-01       9.03230073E-02
   179.9000       3.25895736E-01       3.38584568E-01       9.03126308E-02
   180.0000       3.26017445E-01       3.38733711E-01       9.03029356E-02
   180.1000       3.26139797E-01       3.38886099E-01       9.02940547E-02
   180.2000       3.26262801E-01       3.39041073E-01       9.02860755E-02
   180.3000       3.26386342E-01       3.39193714E-01       9.02789896E-02
   180.4000       3.26510262E-01       3.39348077E-01       9.02726495E-02
   180.5000       3.26634485E-01       3.39501833E-01       9.02667718E-02
   180.6000       3.26759096E-01       3.39658006E-01       9.02609686E-02
   180.7000       3.26884315E-01       3.39818781E-01       9.02548050E-02
   180.8000       3.27010399E-01       3.39976328E-01       9.02478989E-02
   180.9000       3.27137510E-01       3.40132162E-01       9.02399851E-02
   181.0000       3.27265668E-01       3.40289844E-01       9.02309444E-02
   181.1000       3.27394815E-01       3.40448011E-01       9.02207864E-02
   181.2000       3.27524884E-01       3.40607328E-01       9.02096348E-02
   181.3000       3.27655789E-01       3.40768365E-01       9.01976922E-02
   181.4000       3.27787461E-01       3.40931151E-01       9.01851984E-02
   181.5000       3.27919953E-01       3.41089424E-01       9.01723724E-02
   181.6000       3.28053441E-01       3.41250982E-01       9.01593989E-02
   181.7000       3.28188097E-01       3.41414664E-01       9.01464316E-02
   181.8000       3.28323995E-01       3.41576401E-01       9.01336212E-02
   181.9000       3.28461052E-01       3.41741050E-01       9.01211229E-02
   182.0000       3.28599000E-01       3.41904271E-01       9.01090464E-02
   182.1000       3.28737370E-01       3.42068436E-01       9.00974234E-02
   182.2000       3.28875567E-01       3.42231866E-01       9.00862099E-02
   182.3000       3.29013044E-01       3.42391813E-01       9.00753403E-02
   182.4000       3.29149457E-01       3.42553586E-01       9.00647655E-02
   182.5000       3.29284701E-01       3.42714040E-01       9.00544573E-02
   182.6000       3.29418825E-01       3.42871860E-01       9.00443935E-02
   182.7000       3.29551934E-01       3.43029106E-01       9.00345483E-02
   182.8000       3.29684104E-01       3.43187404E-01       9.00249132E-02
   182.9000       3.29815346E-01       3.43343825E-01       9.00154792E-02
   183.0000       3.29945604E-01       3.43497721E-01       9.00062137E-02
   183.1000       3.30074782E-01       3.43648810E-01       8.99970353E-02
   183.2000       3.30202773E-01       3.43804782E-01       8.99877853E-02
   183.3000       3.30329480E-01       3.43953340E-01       8.99782388E-02
   183.4000       3.30454840E-01       3.44102691E-01       8.99681242E-02
   183.5000       3.30578825E-01       3.44249544E-01       8.99571838E-02
   183.6000       3.30701445E-01       3.44400338E-01       8.99452312E-02
   183.7000       3.30822733E-01       3.44539718E-01       8.99322085E-02
   183.8000       3.30942747E-01       3.44682092E-01       8.99181858E-02
   183.9000       3.31061563E-01       3.44821461E-01       8.99033369E-02
   184.0000       3.31179280E-01       3.44961308E-01       8.98878878E-02
   184.1000       3.31296022E-01       3.45093152E-01       8.98720994E-02
   184.2000       3.31411923E-01       3.45231003E-01       8.98562474E-02
   184.3000       3.31527132E-01       3.45361899E-01       8.98405964E-02
   184.4000       3.31641807E-01       3.45493270E-01       8.98253705E-02
   184.5000       3.31756092E-01       3.45619007E-01       8.98107283E-02
   184.6000       3.31870079E-01       3.45742706E-01       8.97967428E-02
   184.7000       3.31983786E-01       3.45868504E-01       8.97833558E-02
   184.8000       3.32097148E-01       3.45989924E-01       8.97703793E-02
   184.9000       3.32210006E-01       3.46102104E-01       8.97575363E-02
   185.0000       3.32322127E-01       3.46218440E-01       8.97445030E-02
   185.1000       3.32433205E-01       3.46330550E-01       8.97309959E-02
   185.2000       3.32542897E-01       3.46440677E-01       8.97168553E-02
   185.3000       3.32650877E-01       3.46542935E-01       8.97021212E-02
   185.4000       3.32756895E-01       3.46651561E-01       8.96870112E-02
   185.5000       3.32860809E-01       3.46747638E-01       8.96718468E-02
   185.6000       3.32962599E-01       3.46845062E-01       8.96569770E-02
   185.7000       3.33062341E-01       3.46940861E-01       8.96427182E-02
   185.8000       3.33160170E-01       3.47034960E-01       8.96293068E-02
   185.9000       3.33256226E-01       3.47125983E-01       8.96169024E-02
   186.0000       3.33350584E-01       3.47216662E-01       8.96056186E-02
   186.1000       3.33443190E-01       3.47297940E-01       8.95955934E-02
   186.2000       3.33533883E-01       3.47383360E-01       8.95870387E-02
   186.3000       3.33622477E-01       3.47466879E-01       8.95802413E-02
   186.4000       3.33708900E-01       3.47547829E-01       8.95755248E-02
   186.5000       3.33793272E-01       3.47623110E-01       8.95731779E-02
   186.6000       3.33875851E-01       3.47699010E-01       8.95733716E-02
   186.7000       3.33956841E-01       3.47774817E-01       8.95761222E-02
   186.8000       3.34036284E-01       3.47846815E-01       8.95812513E-02
   186.9000       3.34114090E-01       3.47918808E-01       8.95883745E-02
   187.0000       3.34190087E-01       3.47984789E-01       8.95969384E-02
   187.1000       3.34264069E-01       3.48053562E-01       8.96063233E-02
   187.2000       3.34335844E-01       3.48121124E-01       8.96159613E-02
   187.3000       3.34405255E-01       3.48184388E-01       8.96254431E-02
   187.4000       3.34472187E-01       3.48246895E-01       8.96345665E-02
   187.5000       3.34536550E-01       3.48306653E-01       8.96432788E-02
   187.6000       3.34598323E-01       3.48369912E-01       8.96515577E-02
   187.7000       3.34657645E-01       3.48418518E-01       8.96592433E-02
   187.8000       3.34714790E-01       3.48471722E-01       8.96659539E-02
   187.9000       3.34770095E-01       3.48522700E-01       8.96711228E-02
   188.0000       3.34823962E-01       3.48573855E-01       8.96741736E-02
   188.1000       3.34876789E-01       3.48621600E-01       8.96748077E-02
   188.2000       3.34928735E-01       3.48667171E-01       8.96732223E-02
   188.3000       3.34979777E-01       3.48710245E-01       8.96699986E-02
   188.4000       3.35029902E-01       3.48753797E-01       8.96659151E-02
   188.5000       3.35079143E-01       3.48795215E-01       8.96617402E-02
   188.6000       3.35127481E-01       3.48836497E-01       8.96580162E-02
   188.7000       3.35174954E-01       3.48878020E-01       8.96550389E-02
   188.8000       3.35221904E-01       3.48918878E-01       8.96530560E-02
   188.9000       3.35268945E-01       3.48956605E-01       8.96522133E-02
   189.0000       3.35316745E-01       3.48992846E-01       8.96522528E-02
   189.1000       3.35365831E-01       3.49035470E-01       8.96523736E-02
   189.2000       3.35416512E-01       3.49074838E-01       8.96514186E-02
   189.3000       3.35468811E-01       3.49116660E-01       8.96481884E-02
   189.4000       3.35522478E-01       3.49158697E-01       8.96417294E-02
   189.5000       3.35577174E-01       3.49198977E-01       8.96316205E-02
   189.6000       3.35632753E-01       3.49245624E-01       8.96180640E-02
   189.7000       3.35689406E-01       3.49289330E-01       8.96017118E-02
   189.8000       3.35747480E-01       3.49336274E-01       8.95833494E-02
   189.9000       3.35807171E-01       3.49385226E-01       8.95637229E-02
   190.0000       3.35868383E-01       3.49434550E-01       8.95435116E-02
   190.1000       3.35930754E-01       3.49489877E-01       8.95234131E-02
   190.2000       3.35993664E-01       3.49538204E-01       8.95041949E-02
   190.3000       3.36056341E-01       3.49589881E-01       8.94865473E-02
   190.4000       3.36118111E-01       3.49645262E-01       8.94708927E-02
   190.5000       3.36178608E-01       3.49700403E-01       8.94573395E-02
   190.6000       3.36237763E-01       3.49759945E-01       8.94457044E-02
   190.7000       3.36295598E-01       3.49814080E-01       8.94355101E-02
   190.8000       3.36352056E-01       3.49870958E-01       8.94260485E-02
   190.9000       3.36407085E-01       3.49931521E-01       8.94164809E-02
   191.0000       3.36460756E-01       3.49994330E-01       8.94058389E-02
   191.1000       3.36512988E-01       3.50049747E-01       8.93931786E-02
   191.2000       3.36563561E-01       3.50108659E-01       8.93779184E-02
   191.3000       3.36612736E-01       3.50171280E-01       8.93601161E-02
   191.4000       3.36661341E-01       3.50234574E-01       8.93405478E-02
   191.5000       3.36710492E-01       3.50297083E-01       8.93202810E-02
   191.6000       3.36761364E-01       3.50364159E-01       8.93000625E-02
   191.7000       3.36814947E-01       3.50432470E-01       8.92799131E-02
   191.8000       3.36871813E-01       3.50499444E-01       8.92591170E-02
   191.9000       3.36931957E-01       3.50567853E-01       8.92366452E-02
   192.0000       3.36994806E-01       3.50640040E-01       8.92117730E-02
   192.1000       3.37059551E-01       3.50709974E-01       8.91845925E-02
   192.2000       3.37125724E-01       3.50787502E-01       8.91561815E-02
   192.3000       3.37193447E-01       3.50859086E-01       8.91285074E-02
   192.4000       3.37263147E-01       3.50936305E-01       8.91041655E-02
   192.5000       3.37335157E-01       3.51013230E-01       8.90859252E-02
   192.6000       3.37409503E-01       3.51093952E-01       8.90761116E-02
   192.7000       3.37485889E-01       3.51176501E-01       8.90759087E-02
   192.8000       3.37563831E-01       3.51259249E-01       8.90848466E-02
   192.9000       3.37642808E-01       3.51347106E-01       8.91007848E-02
   193.0000       3.37722369E-01       3.51424332E-01       8.91204820E-02
   193.1000       3.37802183E-01       3.51511215E-01       8.91405358E-02
   193.2000       3.37882043E-01       3.51599814E-01       8.91582612E-02
   193.3000       3.37961860E-01       3.51681624E-01       8.91721860E-02
   193.4000       3.38041680E-01       3.51767519E-01       8.91821768E-02
   193.5000       3.38121664E-01       3.51851878E-01       8.91892948E-02
   193.6000       3.38202088E-01       3.51937392E-01       8.91954374E-02
   193.7000       3.38283298E-01       3.52018089E-01       8.92027437E-02
   193.8000       3.38365611E-01       3.52107614E-01       8.92128763E-02
   193.9000       3.38449225E-01       3.52188980E-01       8.92264518E-02
   194.0000       3.38534211E-01       3.52275874E-01       8.92428820E-02
   194.1000       3.38620461E-01       3.52358108E-01       8.92607180E-02
   194.2000       3.38707687E-01       3.52442682E-01       8.92782883E-02
   194.3000       3.38795514E-01       3.52526581E-01       8.92944723E-02
   194.4000       3.38883613E-01       3.52607444E-01       8.93091396E-02
   194.5000       3.38971692E-01       3.52693397E-01       8.93229936E-02
   194.6000       3.39059519E-01       3.52777976E-01       8.93369281E-02
   194.7000       3.39147028E-01       3.52860153E-01       8.93513745E-02
   194.8000       3.39234304E-01       3.52937783E-01       8.93660859E-02
   194.9000       3.39321413E-01       3.53016845E-01       8.93804662E-02
   195.0000       3.39408263E-01       3.53101051E-01       8.93940919E-02
   195.1000       3.39494579E-01       3.53176572E-01       8.94069481E-02
   195.2000       3.39579965E-01       3.53253846E-01       8.94192129E-02
   195.3000       3.39664069E-01       3.53328769E-01       8.94309055E-02
   195.4000       3.39746839E-01       3.53405309E-01       8.94418759E-02
   195.5000       3.39828607E-01       3.53473078E-01       8.94520489E-02
   195.6000       3.39909894E-01       3.53549489E-01       8.94615145E-02
   195.7000       3.39991102E-01       3.53611915E-01       8.94705434E-02
   195.8000       3.40072418E-01       3.53685561E-01       8.94794985E-02
   195.9000       3.40153900E-01       3.53754266E-01       8.94884474E-02
   196.0000       3.40235321E-01       3.53823237E-01       8.94969556E-02
   196.1000       3.40316217E-01       3.53889577E-01       8.95043098E-02
   196.2000       3.40396168E-01       3.53957721E-01       8.95099257E-02
   196.3000       3.40475034E-01       3.54021979E-01       8.95135810E-02
   196.4000       3.40552761E-01       3.54089034E-01       8.95154231E-02
   196.5000       3.40629226E-01       3.54158134E-01       8.95156605E-02
   196.6000       3.40704406E-01       3.54219541E-01       8.95143509E-02
   196.7000       3.40778501E-01       3.54284450E-01       8.95114264E-02
   196.8000       3.40851894E-01       3.54349174E-01       8.95067371E-02
   196.9000       3.40925015E-01       3.54414837E-01       8.95002098E-02
   197.0000       3.40998072E-01       3.54474463E-01       8.94920059E-02
   197.1000       3.41070986E-01       3.54543105E-01       8.94825847E-02
   197.2000       3.41143524E-01       3.54606767E-01       8.94723883E-02
   197.3000       3.41215529E-01       3.54668479E-01       8.94614737E-02
   197.4000       3.41286830E-01       3.54730475E-01       8.94493986E-02
   197.5000       3.41356984E-01       3.54791857E-01       8.94354170E-02
   197.6000       3.41425311E-01       3.54853817E-01       8.94188219E-02
   197.7000       3.41491100E-01       3.54910685E-01       8.93991066E-02
   197.8000       3.41553816E-01       3.54968671E-01       8.93759196E-02
   197.9000       3.41613103E-01       3.55018698E-01       8.93489526E-02
   198.0000       3.41668712E-01       3.55075900E-01       8.93180443E-02
   198.1000       3.41720556E-01       3.55130690E-01       8.92834164E-02
   198.2000       3.41768790E-01       3.55179023E-01       8.92457798E-02
   198.3000       3.41813832E-01       3.55224357E-01       8.92061760E-02
   198.4000       3.41856373E-01       3.55269787E-01       8.91657218E-02
   198.5000       3.41897155E-01       3.55317697E-01       8.91253401E-02
   198.6000       3.41936632E-01       3.55362427E-01       8.90856298E-02
   198.7000       3.41975050E-01       3.55406491E-01       8.90468308E-02
   198.8000       3.42012616E-01       3.55446961E-01       8.90089160E-02
   198.9000       3.42049593E-01       3.55484966E-01       8.89718310E-02
   199.0000       3.42086411E-01       3.55526288E-01       8.89356891E-02
   199.1000       3.42123610E-01       3.55566693E-01       8.89008432E-02
   199.2000       3.42161698E-01       3.55607197E-01       8.88677780E-02
   199.3000       3.42201020E-01       3.55646453E-01       8.88369401E-02
   199.4000       3.42241657E-01       3.55683431E-01       8.88085718E-02
   199.5000       3.42283429E-01       3.55723263E-01       8.87826862E-02
   199.6000       3.42326012E-01       3.55760624E-01       8.87591621E-02
   199.7000       3.42369098E-01       3.55796710E-01       8.87378848E-02
   199.8000       3.42412564E-01       3.55837202E-01       8.87189161E-02
   199.9000       3.42456517E-01       3.55873570E-01       8.87025159E-02
   200.0000       3.42501184E-01       3.55911917E-01       8.86889827E-02
   200.1000       3.42546871E-01       3.55949916E-01       8.86783797E-02
   200.2000       3.42593757E-01       3.55988597E-01       8.86703510E-02
   200.3000       3.42641796E-01       3.56027581E-01       8.86641285E-02
   200.4000       3.42690833E-01       3.56061626E-01       8.86587858E-02
   200.5000       3.42740702E-01       3.56101664E-01       8.86536061E-02
   200.6000       3.42791305E-01       3.56142871E-01       8.86483792E-02
   200.7000       3.42842599E-01       3.56182831E-01       8.86434658E-02
   200.8000       3.42894552E-01       3.56222312E-01       8.86394773E-02
   200.9000       3.42947095E-01       3.56258387E-01       8.86368735E-02
   201.0000       3.43000138E-01       3.56296629E-01       8.86357223E-02
   201.1000       3.43053636E-01       3.56337148E-01       8.86357362E-02
   201.2000       3.43107631E-01       3.56377198E-01       8.86364624E-02
   201.3000       3.43162213E-01       3.56416191E-01       8.86374733E-02
   201.4000       3.43217457E-01       3.56451707E-01       8.86384451E-02
   201.5000       3.43273402E-01       3.56491253E-01       8.86391615E-02
   201.6000       3.43330027E-01       3.56533404E-01       8.86395351E-02
   201.7000       3.43387245E-01       3.56572459E-01       8.86396444E-02
   201.8000       3.43444937E-01       3.56609872E-01       8.86396882E-02
   201.9000       3.43503005E-01       3.56653786E-01       8.86398826E-02
   202.0000       3.43561361E-01       3.56695193E-01       8.86403427E-02
   202.1000       3.43619904E-01       3.56739345E-01       8.86410693E-02
   202.2000       3.43678534E-01       3.56775636E-01       8.86419438E-02
   202.3000       3.43737218E-01       3.56816952E-01       8.86427465E-02
   202.4000       3.43796057E-01       3.56856486E-01       8.86432025E-02
   202.5000       3.43855323E-01       3.56897135E-01       8.86430160E-02
   202.6000       3.43915267E-01       3.56932718E-01       8.86419029E-02
   202.7000       3.43975823E-01       3.56972824E-01       8.86396475E-02
   202.8000       3.44036732E-01       3.57017094E-01       8.86361131E-02
   202.9000       3.44097852E-01       3.57051691E-01       8.86312703E-02
   203.0000       3.44159172E-01       3.57088094E-01       8.86252003E-02
   203.1000       3.44220663E-01       3.57124081E-01       8.86180847E-02
   203.2000       3.44282198E-01       3.57158954E-01       8.86101484E-02
   203.3000       3.44343548E-01       3.57197649E-01       8.86016324E-02
   203.4000       3.44404383E-01       3.57233128E-01       8.85927749E-02
   203.5000       3.44464298E-01       3.57267673E-01       8.85837564E-02
   203.6000       3.44522904E-01       3.57299111E-01       8.85747033E-02
   203.7000       3.44579922E-01       3.57330746E-01       8.85656375E-02
   203.8000       3.44635207E-01       3.57364455E-01       8.85564741E-02
   203.9000       3.44688703E-01       3.57397030E-01       8.85470179E-02
   204.0000       3.44740437E-01       3.57428551E-01       8.85369879E-02
   204.1000       3.44790518E-01       3.57457904E-01       8.85260854E-02
   204.2000       3.44839129E-01       3.57485009E-01       8.85140947E-02
   204.3000       3.44886457E-01       3.57511690E-01       8.85008891E-02
   204.4000       3.44932663E-01       3.57543700E-01       8.84863710E-02
   204.5000       3.44977868E-01       3.57576947E-01       8.84704788E-02
   204.6000       3.45022192E-01       3.57606282E-01       8.84532548E-02
   204.7000       3.45065768E-01       3.57637658E-01       8.84349601E-02
   204.8000       3.45108737E-01       3.57672988E-01       8.84161597E-02
   204.9000       3.45151236E-01       3.57704117E-01       8.83977162E-02
   205.0000       3.45193436E-01       3.57736600E-01       8.83806334E-02
   205.1000       3.45235459E-01       3.57773050E-01       8.83658546E-02
   205.2000       3.45277310E-01       3.57808109E-01       8.83541251E-02
   205.3000       3.45319077E-01       3.57843764E-01       8.83458106E-02
   205.4000       3.45361117E-01       3.57885977E-01       8.83407974E-02
   205.5000       3.45404112E-01       3.57927299E-01       8.83385051E-02
   205.6000       3.45448873E-01       3.57965628E-01       8.83380209E-02
   205.7000       3.45495713E-01       3.58004402E-01       8.83383378E-02
   205.8000       3.45544084E-01       3.58048649E-01       8.83383541E-02
   205.9000       3.45592656E-01       3.58091937E-01       8.83368721E-02
   206.0000       3.45639964E-01       3.58139675E-01       8.83329137E-02
   206.1000       3.45684908E-01       3.58179293E-01       8.83260067E-02
   206.2000       3.45727100E-01       3.58220767E-01       8.83162317E-02
   206.3000       3.45766587E-01       3.58267871E-01       8.83039181E-02
   206.4000       3.45803470E-01       3.58307693E-01       8.82892600E-02
   206.5000       3.45837747E-01       3.58349031E-01       8.82722041E-02
   206.6000       3.45869651E-01       3.58391087E-01       8.82526210E-02
   206.7000       3.45900215E-01       3.58427956E-01       8.82303706E-02
   206.8000       3.45930827E-01       3.58467800E-01       8.82053619E-02
   206.9000       3.45962500E-01       3.58503902E-01       8.81778812E-02
   207.0000       3.45995639E-01       3.58545788E-01       8.81490390E-02
   207.1000       3.46029991E-01       3.58585094E-01       8.81207056E-02
   207.2000       3.46064580E-01       3.58624168E-01       8.80947880E-02
   207.3000       3.46098226E-01       3.58665204E-01       8.80724773E-02
   207.4000       3.46130128E-01       3.58702419E-01       8.80541105E-02
   207.5000       3.46160054E-01       3.58740898E-01       8.80394360E-02
   207.6000       3.46188222E-01       3.58776307E-01       8.80277761E-02
   207.7000       3.46215166E-01       3.58813826E-01       8.80180273E-02
   207.8000       3.46241450E-01       3.58847243E-01       8.80087335E-02
   207.9000       3.46267210E-01       3.58885459E-01       8.79984100E-02
   208.0000       3.46292297E-01       3.58916220E-01       8.79860072E-02
   208.1000       3.46316568E-01       3.58948833E-01       8.79712962E-02
   208.2000       3.46340058E-01       3.58980395E-01       8.79550100E-02
   208.3000       3.46363118E-01       3.59013493E-01       8.79386756E-02
   208.4000       3.46386187E-01       3.59042806E-01       8.79241555E-02
   208.5000       3.46409401E-01       3.59071008E-01       8.79129505E-02
   208.6000       3.46432582E-01       3.59099933E-01       8.79056080E-02
   208.7000       3.46455482E-01       3.59123515E-01       8.79015490E-02
   208.8000       3.46478238E-01       3.59147106E-01       8.78993960E-02
   208.9000       3.46501435E-01       3.59171967E-01       8.78975800E-02
   209.0000       3.46525621E-01       3.59187411E-01       8.78949427E-02
   209.1000       3.46550902E-01       3.59208320E-01       8.78910503E-02
   209.2000       3.46576834E-01       3.59219110E-01       8.78861726E-02
   209.3000       3.46602586E-01       3.59235544E-01       8.78810541E-02
   209.4000       3.46627437E-01       3.59247864E-01       8.78765635E-02
   209.5000       3.46651252E-01       3.59254978E-01       8.78733592E-02
   209.6000       3.46674281E-01       3.59259797E-01       8.78717664E-02
   209.7000       3.46696633E-01       3.59264898E-01       8.78718119E-02
   209.8000       3.46718099E-01       3.59266455E-01       8.78733492E-02
   209.9000       3.46738429E-01       3.59260574E-01       8.78763616E-02
   210.0000       3.46757528E-01       3.59254241E-01       8.78811246E-02
   210.1000       3.46775318E-01       3.59248807E-01       8.78880000E-02
   210.2000       3.46791534E-01       3.59238570E-01       8.78970085E-02
   210.3000       3.46805797E-01       3.59221393E-01       8.79077262E-02
   210.4000       3.46817746E-01       3.59205035E-01       8.79195252E-02
   210.5000       3.46827068E-01       3.59191916E-01       8.79319397E-02
   210.6000       3.46833662E-01       3.59167506E-01       8.79448274E-02
   210.7000       3.46837740E-01       3.59143367E-01       8.79581816E-02
   210.8000       3.46839570E-01       3.59119994E-01       8.79718634E-02
   210.9000       3.46839333E-01       3.59091064E-01       8.79856564E-02
   211.0000       3.46837075E-01       3.59063327E-01       8.79994470E-02
   211.1000       3.46832744E-01       3.59034368E-01       8.80129953E-02
   211.2000       3.46826532E-01       3.59001651E-01       8.80257041E-02
   211.3000       3.46818995E-01       3.58969021E-01       8.80368123E-02
   211.4000       3.46810623E-01       3.58935506E-01       8.80457577E-02
   211.5000       3.46801525E-01       3.58900787E-01       8.80524096E-02
   211.6000       3.46791587E-01       3.58863845E-01       8.80571967E-02
   211.7000       3.46780545E-01       3.58826722E-01       8.80609319E-02
   211.8000       3.46767881E-01       3.58789520E-01       8.80644146E-02
   211.9000       3.46753258E-01       3.58750109E-01       8.80681517E-02
   212.0000       3.46736817E-01       3.58709561E-01       8.80723820E-02
   212.1000       3.46718912E-01       3.58662548E-01       8.80772630E-02
   212.2000       3.46699852E-01       3.58624374E-01       8.80831023E-02
   212.3000       3.46679819E-01       3.58577818E-01       8.80903385E-02
   212.4000       3.46658877E-01       3.58536366E-01       8.80993568E-02
   212.5000       3.46636952E-01       3.58496333E-01       8.81102321E-02
   212.6000       3.46613873E-01       3.58446690E-01       8.81226453E-02
   212.7000       3.46589451E-01       3.58407423E-01       8.81359485E-02
   212.8000       3.46563409E-01       3.58361019E-01       8.81494502E-02
