     0.1000       1.62939255E-02       1.64764254E-02
     0.2000       1.67393903E-02       1.69308380E-02
     0.3000       1.72064233E-02       1.74168824E-02
     0.4000       1.76968420E-02       1.79292871E-02
     0.5000       1.82116784E-02       1.84677192E-02
     0.6000       1.87516431E-02       1.90323145E-02
     0.7000       1.93171919E-02       1.96231294E-02
     0.8000       1.99085400E-02       2.02400190E-02
     0.9000       2.05256652E-02       2.08826013E-02
     1.0000       2.11683073E-02       2.15502477E-02
     1.1000       2.18359693E-02       2.22420837E-02
     1.2000       2.25279204E-02       2.29569970E-02
     1.3000       2.32432033E-02       2.36936508E-02
     1.4000       2.39806452E-02       2.44505030E-02
     1.5000       2.47388746E-02       2.52258297E-02
     1.6000       2.55163412E-02       2.60177530E-02
     1.7000       2.63113420E-02       2.68242724E-02
     1.8000       2.71220492E-02       2.76432987E-02
     1.9000       2.79465415E-02       2.84726884E-02
     2.0000       2.87828373E-02       2.93102794E-02
     2.1000       2.96289277E-02       3.01539246E-02
     2.2000       3.04828093E-02       3.10015238E-02
     2.3000       3.13425145E-02       3.18510526E-02
     2.4000       3.22061401E-02       3.27005873E-02
     2.5000       3.30718722E-02       3.35483262E-02
     2.6000       3.39380063E-02       3.43926056E-02
     2.7000       3.48029649E-02       3.52319119E-02
     2.8000       3.56653088E-02       3.60648893E-02
     2.9000       3.65237462E-02       3.68903429E-02
     3.0000       3.73771362E-02       3.77072388E-02
     3.1000       3.82244897E-02       3.85147005E-02
     3.2000       3.90650191E-02       3.93120497E-02
     3.3000       3.99043506E-02       4.01014526E-02
     3.4000       4.07560494E-02       4.08823090E-02
     3.5000       4.16079490E-02       4.16507203E-02
     3.6000       4.24555176E-02       4.24069291E-02
     3.7000       4.32984310E-02       4.31509304E-02
     3.8000       4.41365292E-02       4.38829212E-02
     3.9000       4.49697751E-02       4.46030574E-02
     4.0000       4.58005392E-02       4.53110907E-02
     4.1000       4.66316255E-02       4.60067725E-02
     4.2000       4.74580688E-02       4.66913241E-02
     4.3000       4.82784466E-02       4.73653297E-02
     4.4000       4.90924207E-02       4.80293652E-02
     4.5000       4.98996213E-02       4.86836980E-02
     4.6000       5.06999493E-02       4.93288578E-02
     4.7000       5.14932032E-02       4.99652861E-02
     4.8000       5.22792141E-02       5.05933642E-02
     4.9000       5.30578221E-02       5.12136076E-02
     5.0000       5.38289740E-02       5.18265001E-02
     5.1000       5.45924702E-02       5.24323851E-02
     5.2000       5.53482156E-02       5.30317037E-02
     5.3000       5.60960778E-02       5.36248932E-02
     5.4000       5.68359236E-02       5.42122657E-02
     5.5000       5.75676550E-02       5.47944393E-02
     5.6000       5.82910290E-02       5.53715822E-02
     5.7000       5.90059805E-02       5.59442554E-02
     5.8000       5.97122544E-02       5.65126580E-02
     5.9000       6.04097291E-02       5.70772956E-02
     6.0000       6.10981736E-02       5.76385619E-02
     6.1000       6.17774439E-02       5.81968121E-02
     6.2000       6.24472451E-02       5.87524163E-02
     6.3000       6.31073329E-02       5.93058571E-02
     6.4000       6.37573361E-02       5.98574360E-02
     6.5000       6.43969590E-02       6.04075387E-02
     6.6000       6.50258358E-02       6.09564896E-02
     6.7000       6.56436956E-02       6.15047087E-02
     6.8000       6.62500626E-02       6.20524510E-02
     6.9000       6.68444472E-02       6.26000122E-02
     7.0000       6.74265596E-02       6.31477798E-02
     7.1000       6.79959639E-02       6.36960581E-02
     7.2000       6.85524585E-02       6.42452263E-02
     7.3000       6.90956731E-02       6.47956054E-02
     7.4000       6.96252485E-02       6.53475440E-02
     7.5000       7.01409263E-02       6.59013572E-02
     7.6000       7.06424593E-02       6.64574211E-02
     7.7000       7.11296677E-02       6.70160870E-02
     7.8000       7.16023138E-02       6.75777204E-02
     7.9000       7.20602458E-02       6.81426646E-02
     8.0000       7.25034770E-02       6.87113522E-02
     8.1000       7.29318802E-02       6.92841760E-02
     8.2000       7.33454847E-02       6.98615370E-02
     8.3000       7.37443225E-02       7.04438484E-02
     8.4000       7.41284052E-02       7.10315654E-02
     8.5000       7.44978802E-02       7.16251336E-02
     8.6000       7.48529782E-02       7.22250347E-02
     8.7000       7.51938229E-02       7.28317473E-02
     8.8000       7.55206402E-02       7.34457584E-02
     8.9000       7.58337078E-02       7.40676102E-02
     9.0000       7.61332771E-02       7.46977934E-02
     9.1000       7.64196645E-02       7.53368958E-02
     9.2000       7.66931678E-02       7.59854311E-02
     9.3000       7.69542852E-02       7.66440875E-02
     9.4000       7.72032787E-02       7.73133528E-02
     9.5000       7.74405286E-02       7.79938057E-02
     9.6000       7.76664493E-02       7.86860626E-02
     9.7000       7.78815140E-02       7.93907237E-02
     9.8000       7.80860983E-02       8.01083234E-02
     9.9000       7.82805822E-02       8.08393752E-02
    10.0000       7.84653977E-02       8.15843746E-02
    10.1000       7.86410084E-02       8.23437524E-02
    10.2000       7.88077717E-02       8.31178005E-02
    10.3000       7.89660676E-02       8.39067449E-02
    10.4000       7.91163806E-02       8.47107693E-02
    10.5000       7.92590758E-02       8.55297675E-02
    10.6000       7.93944619E-02       8.63634477E-02
    10.7000       7.95229484E-02       8.72112986E-02
    10.8000       7.96449621E-02       8.80726469E-02
    10.9000       7.97607412E-02       8.89462411E-02
    11.0000       7.98707100E-02       8.98307819E-02
    11.1000       7.99751435E-02       9.07243092E-02
    11.2000       8.00743632E-02       9.16245635E-02
    11.3000       8.01686936E-02       9.25288345E-02
    11.4000       8.02583943E-02       9.34338973E-02
    11.5000       8.03437636E-02       9.43360576E-02
    11.6000       8.04250801E-02       9.52312020E-02
    11.7000       8.05025116E-02       9.61147303E-02
    11.8000       8.05764018E-02       9.69817082E-02
    11.9000       8.06469200E-02       9.78270406E-02
    12.0000       8.07143014E-02       9.86453807E-02
    12.1000       8.07787374E-02       9.94314115E-02
    12.2000       8.08404530E-02       1.00180059E-01
    12.3000       8.08995961E-02       1.00886422E-01
    12.4000       8.09563526E-02       1.01546291E-01
    12.5000       8.10108868E-02       1.02156070E-01
    12.6000       8.10633798E-02       1.02713094E-01
    12.7000       8.11139398E-02       1.03215538E-01
    12.8000       8.11627391E-02       1.03662819E-01
    12.9000       8.12098896E-02       1.04055199E-01
    13.0000       8.12555155E-02       1.04394118E-01
    13.1000       8.12997249E-02       1.04681905E-01
    13.2000       8.13426149E-02       1.04921518E-01
    13.3000       8.13842878E-02       1.05116917E-01
    13.4000       8.14248174E-02       1.05272237E-01
    13.5000       8.14643067E-02       1.05392008E-01
    13.6000       8.15027937E-02       1.05480766E-01
    13.7000       8.15403425E-02       1.05543051E-01
    13.8000       8.15770160E-02       1.05583242E-01
    13.9000       8.16128664E-02       1.05605447E-01
    14.0000       8.16479308E-02       1.05613376E-01
    14.1000       8.16822431E-02       1.05610429E-01
    14.2000       8.17158325E-02       1.05599492E-01
    14.3000       8.17487366E-02       1.05583113E-01
    14.4000       8.17809809E-02       1.05563475E-01
    14.5000       8.18125730E-02       1.05542239E-01
    14.6000       8.18435385E-02       1.05520857E-01
    14.7000       8.18738827E-02       1.05500481E-01
    14.8000       8.19036241E-02       1.05481858E-01
    14.9000       8.19327782E-02       1.05465622E-01
    15.0000       8.19613667E-02       1.05452113E-01
    15.1000       8.19893921E-02       1.05441593E-01
    15.2000       8.20168492E-02       1.05434108E-01
    15.3000       8.20437765E-02       1.05429667E-01
    15.4000       8.20701554E-02       1.05428082E-01
    15.5000       8.20960199E-02       1.05429180E-01
    15.6000       8.21213717E-02       1.05432737E-01
    15.7000       8.21462115E-02       1.05438508E-01
    15.8000       8.21705651E-02       1.05446208E-01
    15.9000       8.21944542E-02       1.05455540E-01
    16.0000       8.22178842E-02       1.05466226E-01
    16.1000       8.22408617E-02       1.05477986E-01
    16.2000       8.22634111E-02       1.05490574E-01
    16.3000       8.22855344E-02       1.05503760E-01
    16.4000       8.23072571E-02       1.05517368E-01
    16.5000       8.23285942E-02       1.05531223E-01
    16.6000       8.23495560E-02       1.05545210E-01
    16.7000       8.23701573E-02       1.05559220E-01
    16.8000       8.23904114E-02       1.05573193E-01
    16.9000       8.24103228E-02       1.05587115E-01
    17.0000       8.24299059E-02       1.05600979E-01
    17.1000       8.24491620E-02       1.05614824E-01
    17.2000       8.24681042E-02       1.05628709E-01
    17.3000       8.24867207E-02       1.05642734E-01
    17.4000       8.25050147E-02       1.05656978E-01
    17.5000       8.25229722E-02       1.05671554E-01
    17.6000       8.25405948E-02       1.05686602E-01
    17.7000       8.25578788E-02       1.05702305E-01
    17.8000       8.25748036E-02       1.05718763E-01
    17.9000       8.25913667E-02       1.05736160E-01
    18.0000       8.26075577E-02       1.05754656E-01
    18.1000       8.26233615E-02       1.05774402E-01
    18.2000       8.26387745E-02       1.05795576E-01
    18.3000       8.26537819E-02       1.05818316E-01
    18.4000       8.26683804E-02       1.05842776E-01
    18.5000       8.26825608E-02       1.05869056E-01
    18.6000       8.26963128E-02       1.05897322E-01
    18.7000       8.27096347E-02       1.05927668E-01
    18.8000       8.27225288E-02       1.05960202E-01
    18.9000       8.27349868E-02       1.05995015E-01
    19.0000       8.27470015E-02       1.06032174E-01
    19.1000       8.27585855E-02       1.06071756E-01
    19.2000       8.27697311E-02       1.06113794E-01
    19.3000       8.27804377E-02       1.06158334E-01
    19.4000       8.27907052E-02       1.06205402E-01
    19.5000       8.28005257E-02       1.06254967E-01
    19.6000       8.28098997E-02       1.06307046E-01
    19.7000       8.28188420E-02       1.06361610E-01
    19.8000       8.28273321E-02       1.06418605E-01
    19.9000       8.28353972E-02       1.06477987E-01
    20.0000       8.28430389E-02       1.06539680E-01
    20.1000       8.28502699E-02       1.06603582E-01
    20.2000       8.28571103E-02       1.06669629E-01
    20.3000       8.28635804E-02       1.06737735E-01
    20.4000       8.28696947E-02       1.06807785E-01
    20.5000       8.28754975E-02       1.06879656E-01
    20.6000       8.28810098E-02       1.06953226E-01
    20.7000       8.28862718E-02       1.07028368E-01
    20.8000       8.28913207E-02       1.07104938E-01
    20.9000       8.28962031E-02       1.07182803E-01
    21.0000       8.29009536E-02       1.07261837E-01
    21.1000       8.29056159E-02       1.07341880E-01
    21.2000       8.29102253E-02       1.07422774E-01
    21.3000       8.29148284E-02       1.07504378E-01
    21.4000       8.29194634E-02       1.07586528E-01
    21.5000       8.29241738E-02       1.07669075E-01
    21.6000       8.29290182E-02       1.07751858E-01
    21.7000       8.29340569E-02       1.07834731E-01
    21.8000       8.29393408E-02       1.07917529E-01
    21.9000       8.29449401E-02       1.08000092E-01
    22.0000       8.29508976E-02       1.08082288E-01
    22.1000       8.29572783E-02       1.08163948E-01
    22.2000       8.29641573E-02       1.08244924E-01
    22.3000       8.29715946E-02       1.08325039E-01
    22.4000       8.29796690E-02       1.08404168E-01
    22.5000       8.29884488E-02       1.08482152E-01
    22.6000       8.29979855E-02       1.08558822E-01
    22.7000       8.30083627E-02       1.08634049E-01
    22.8000       8.30196292E-02       1.08707662E-01
    22.9000       8.30318616E-02       1.08779486E-01
    23.0000       8.30450973E-02       1.08849373E-01
    23.1000       8.30594110E-02       1.08917145E-01
    23.2000       8.30748464E-02       1.08982651E-01
    23.3000       8.30914747E-02       1.09045707E-01
    23.4000       8.31093261E-02       1.09106150E-01
    23.5000       8.31284431E-02       1.09163796E-01
    23.6000       8.31488595E-02       1.09218441E-01
    23.7000       8.31705942E-02       1.09269882E-01
    23.8000       8.31936798E-02       1.09317905E-01
    23.9000       8.32181139E-02       1.09362291E-01
    24.0000       8.32439007E-02       1.09402814E-01
    24.1000       8.32710567E-02       1.09439239E-01
    24.2000       8.32995540E-02       1.09471347E-01
    24.3000       8.33293786E-02       1.09498893E-01
    24.4000       8.33605194E-02       1.09521661E-01
    24.5000       8.33929055E-02       1.09539411E-01
    24.6000       8.34265108E-02       1.09551959E-01
    24.7000       8.34612764E-02       1.09559174E-01
    24.8000       8.34971298E-02       1.09560991E-01
    24.9000       8.35339809E-02       1.09557450E-01
    25.0000       8.35717675E-02       1.09548773E-01
    25.1000       8.36103770E-02       1.09535364E-01
    25.2000       8.36496885E-02       1.09517834E-01
    25.3000       8.36895721E-02       1.09497168E-01
    25.4000       8.37299175E-02       1.09474600E-01
    25.5000       8.37705683E-02       1.09451614E-01
    25.6000       8.38113673E-02       1.09429794E-01
    25.7000       8.38521778E-02       1.09410740E-01
    25.8000       8.38928244E-02       1.09395929E-01
    25.9000       8.39331450E-02       1.09386732E-01
    26.0000       8.39729884E-02       1.09384458E-01
    26.1000       8.40121604E-02       1.09390441E-01
    26.2000       8.40504800E-02       1.09405901E-01
    26.3000       8.40877878E-02       1.09431926E-01
    26.4000       8.41239376E-02       1.09469225E-01
    26.5000       8.41587704E-02       1.09518252E-01
    26.6000       8.41921515E-02       1.09579205E-01
    26.7000       8.42239527E-02       1.09652275E-01
    26.8000       8.42540580E-02       1.09737560E-01
    26.9000       8.42823738E-02       1.09835136E-01
    27.0000       8.43088083E-02       1.09944951E-01
    27.1000       8.43333184E-02       1.10066816E-01
    27.2000       8.43558234E-02       1.10200361E-01
    27.3000       8.43762999E-02       1.10345347E-01
    27.4000       8.43947578E-02       1.10501817E-01
    27.5000       8.44111429E-02       1.10670033E-01
    27.6000       8.44254968E-02       1.10850288E-01
    27.7000       8.44378270E-02       1.11042706E-01
    27.8000       8.44481730E-02       1.11247309E-01
    27.9000       8.44565765E-02       1.11463970E-01
    28.0000       8.44630608E-02       1.11692192E-01
    28.1000       8.44677018E-02       1.11931119E-01
    28.2000       8.44705510E-02       1.12179441E-01
    28.3000       8.44716676E-02       1.12435556E-01
    28.4000       8.44710843E-02       1.12697598E-01
    28.5000       8.44688684E-02       1.12963486E-01
    28.6000       8.44650947E-02       1.13231066E-01
    28.7000       8.44598194E-02       1.13498114E-01
    28.8000       8.44531146E-02       1.13762404E-01
    28.9000       8.44450474E-02       1.14021645E-01
    29.0000       8.44357032E-02       1.14273517E-01
    29.1000       8.44251691E-02       1.14515748E-01
    29.2000       8.44135311E-02       1.14746141E-01
    29.3000       8.44009086E-02       1.14962775E-01
    29.4000       8.43874313E-02       1.15163843E-01
    29.5000       8.43732283E-02       1.15347797E-01
    29.6000       8.43584777E-02       1.15513241E-01
    29.7000       8.43433754E-02       1.15659231E-01
    29.8000       8.43281691E-02       1.15785125E-01
    29.9000       8.43130807E-02       1.15890764E-01
    30.0000       8.42984157E-02       1.15976346E-01
    30.1000       8.42845061E-02       1.16042593E-01
    30.2000       8.42717118E-02       1.16090445E-01
    30.3000       8.42604363E-02       1.16121191E-01
    30.4000       8.42511306E-02       1.16136350E-01
    30.5000       8.42442279E-02       1.16137730E-01
    30.6000       8.42402773E-02       1.16127382E-01
    30.7000       8.42397671E-02       1.16107490E-01
    30.8000       8.42432461E-02       1.16080298E-01
    30.9000       8.42513265E-02       1.16048100E-01
    31.0000       8.42645951E-02       1.16013135E-01
    31.1000       8.42836251E-02       1.15977529E-01
    31.2000       8.43089908E-02       1.15943359E-01
    31.3000       8.43412847E-02       1.15912506E-01
    31.4000       8.43810821E-02       1.15886651E-01
    31.5000       8.44289327E-02       1.15867260E-01
    31.6000       8.44853547E-02       1.15855606E-01
    31.7000       8.45508166E-02       1.15852725E-01
    31.8000       8.46258108E-02       1.15859319E-01
    31.9000       8.47107247E-02       1.15876037E-01
    32.0000       8.48059156E-02       1.15903383E-01
    32.1000       8.49116830E-02       1.15941699E-01
    32.2000       8.50282971E-02       1.15991021E-01
    32.3000       8.51559886E-02       1.16051057E-01
    32.4000       8.52948156E-02       1.16121348E-01
    32.5000       8.54448889E-02       1.16201373E-01
    32.6000       8.56062028E-02       1.16290352E-01
    32.7000       8.57786306E-02       1.16387336E-01
    32.8000       8.59620256E-02       1.16491247E-01
    32.9000       8.61562105E-02       1.16600982E-01
    33.0000       8.63607712E-02       1.16715321E-01
    33.1000       8.65753989E-02       1.16832938E-01
    33.2000       8.67995438E-02       1.16952336E-01
    33.3000       8.70326363E-02       1.17072011E-01
    33.4000       8.72739979E-02       1.17190519E-01
    33.5000       8.75228307E-02       1.17306617E-01
    33.6000       8.77782481E-02       1.17418945E-01
    33.7000       8.80391340E-02       1.17526198E-01
    33.8000       8.83042600E-02       1.17627021E-01
    33.9000       8.85721810E-02       1.17720261E-01
    34.0000       8.88412001E-02       1.17804839E-01
    34.1000       8.91093614E-02       1.17879749E-01
    34.2000       8.93743990E-02       1.17944001E-01
    34.3000       8.96338525E-02       1.17996627E-01
    34.4000       8.98850140E-02       1.18036703E-01
    34.5000       9.01250915E-02       1.18063365E-01
    34.6000       9.03512534E-02       1.18075914E-01
    34.7000       9.05606852E-02       1.18073783E-01
    34.8000       9.07507288E-02       1.18056536E-01
    34.9000       9.09186782E-02       1.18023900E-01
    35.0000       9.10620334E-02       1.17975643E-01
    35.1000       9.11783186E-02       1.17911635E-01
    35.2000       9.12652630E-02       1.17831745E-01
    35.3000       9.13208951E-02       1.17735982E-01
    35.4000       9.13439367E-02       1.17624436E-01
    35.5000       9.13341840E-02       1.17497366E-01
    35.6000       9.12926072E-02       1.17355027E-01
    35.7000       9.12213732E-02       1.17197682E-01
    35.8000       9.11235231E-02       1.17025675E-01
    35.9000       9.10023265E-02       1.16839462E-01
    36.0000       9.08606664E-02       1.16639665E-01
    36.1000       9.07004521E-02       1.16426961E-01
    36.2000       9.05228984E-02       1.16202076E-01
    36.3000       9.03291675E-02       1.15965865E-01
    36.4000       9.01213295E-02       1.15719206E-01
    36.5000       8.99029806E-02       1.15462905E-01
    36.6000       8.96792839E-02       1.15197795E-01
    36.7000       8.94558548E-02       1.14924771E-01
    36.8000       8.92372609E-02       1.14644670E-01
    36.9000       8.90258787E-02       1.14358236E-01
    37.0000       8.88222114E-02       1.14066182E-01
    37.1000       8.86256470E-02       1.13769186E-01
    37.2000       8.84354766E-02       1.13467905E-01
    37.3000       8.82512862E-02       1.13162874E-01
    37.4000       8.80730101E-02       1.12854643E-01
    37.5000       8.79010280E-02       1.12543739E-01
    37.6000       8.77364159E-02       1.12230668E-01
    37.7000       8.75807499E-02       1.11915845E-01
    37.8000       8.74356181E-02       1.11599581E-01
    37.9000       8.73021078E-02       1.11282200E-01
    38.0000       8.71805744E-02       1.10964086E-01
    38.1000       8.70706942E-02       1.10645635E-01
    38.2000       8.69719385E-02       1.10327182E-01
    38.3000       8.68839379E-02       1.10009104E-01
    38.4000       8.68067647E-02       1.09691877E-01
    38.5000       8.67405560E-02       1.09376001E-01
    38.6000       8.66852119E-02       1.09061922E-01
    38.7000       8.66404165E-02       1.08750074E-01
    38.8000       8.66057273E-02       1.08441005E-01
    38.9000       8.65801421E-02       1.08135289E-01
    39.0000       8.65618327E-02       1.07833540E-01
    39.1000       8.65492073E-02       1.07536351E-01
    39.2000       8.65417323E-02       1.07244300E-01
    39.3000       8.65397556E-02       1.06957933E-01
    39.4000       8.65437640E-02       1.06677895E-01
    39.5000       8.65544942E-02       1.06404926E-01
    39.6000       8.65730492E-02       1.06139765E-01
    39.7000       8.66000145E-02       1.05883072E-01
    39.8000       8.66343830E-02       1.05635380E-01
    39.9000       8.66736352E-02       1.05397256E-01
    40.0000       8.67149235E-02       1.05169407E-01
    40.1000       8.67561350E-02       1.04952443E-01
    40.2000       8.67961095E-02       1.04746707E-01
    40.3000       8.68343911E-02       1.04552390E-01
    40.4000       8.68712376E-02       1.04369673E-01
    40.5000       8.69077097E-02       1.04198806E-01
    40.6000       8.69453683E-02       1.04040014E-01
    40.7000       8.69854402E-02       1.03893290E-01
    40.8000       8.70283465E-02       1.03758415E-01
    40.9000       8.70738322E-02       1.03635059E-01
    41.0000       8.71214041E-02       1.03522861E-01
    41.1000       8.71708394E-02       1.03421385E-01
    41.2000       8.72222118E-02       1.03330134E-01
    41.3000       8.72758216E-02       1.03248608E-01
    41.4000       8.73319307E-02       1.03176258E-01
    41.5000       8.73905778E-02       1.03112490E-01
    41.6000       8.74515757E-02       1.03056702E-01
    41.7000       8.75144430E-02       1.03008372E-01
    41.8000       8.75786341E-02       1.02967063E-01
    41.9000       8.76435961E-02       1.02932292E-01
    42.0000       8.77086826E-02       1.02903459E-01
    42.1000       8.77729798E-02       1.02879985E-01
    42.2000       8.78354716E-02       1.02861445E-01
    42.3000       8.78954862E-02       1.02847508E-01
    42.4000       8.79530251E-02       1.02837883E-01
    42.5000       8.80085299E-02       1.02832275E-01
    42.6000       8.80622897E-02       1.02830403E-01
    42.7000       8.81139437E-02       1.02832019E-01
    42.8000       8.81627122E-02       1.02836967E-01
    42.9000       8.82083556E-02       1.02845247E-01
    43.0000       8.82514593E-02       1.02856974E-01
    43.1000       8.82933612E-02       1.02872261E-01
    43.2000       8.83353697E-02       1.02891085E-01
    43.3000       8.83782896E-02       1.02913407E-01
    43.4000       8.84222159E-02       1.02939232E-01
    43.5000       8.84668341E-02       1.02968496E-01
    43.6000       8.85120913E-02       1.03001080E-01
    43.7000       8.85584111E-02       1.03036911E-01
    43.8000       8.86060659E-02       1.03075983E-01
    43.9000       8.86547036E-02       1.03118185E-01
    44.0000       8.87032014E-02       1.03163360E-01
    44.1000       8.87502054E-02       1.03211448E-01
    44.2000       8.87946437E-02       1.03262354E-01
    44.3000       8.88359480E-02       1.03315852E-01
    44.4000       8.88738266E-02       1.03371742E-01
    44.5000       8.89082319E-02       1.03429958E-01
    44.6000       8.89392041E-02       1.03490480E-01
    44.7000       8.89669240E-02       1.03553212E-01
    44.8000       8.89916358E-02       1.03618025E-01
    44.9000       8.90138217E-02       1.03684844E-01
    45.0000       8.90341466E-02       1.03753670E-01
    45.1000       8.90534129E-02       1.03824513E-01
    45.2000       8.90724267E-02       1.03897279E-01
    45.3000       8.90918930E-02       1.03971689E-01
    45.4000       8.91123483E-02       1.04047404E-01
    45.5000       8.91342799E-02       1.04124268E-01
    45.6000       8.91581179E-02       1.04202249E-01
    45.7000       8.91843026E-02       1.04281106E-01
    45.8000       8.92132934E-02       1.04360474E-01
    45.9000       8.92453591E-02       1.04440175E-01
    46.0000       8.92805254E-02       1.04520207E-01
    46.1000       8.93184960E-02       1.04600524E-01
    46.2000       8.93587223E-02       1.04681001E-01
    46.3000       8.94004831E-02       1.04761486E-01
    46.4000       8.94430010E-02       1.04841842E-01
    46.5000       8.94857580E-02       1.04921907E-01
    46.6000       8.95284936E-02       1.05001534E-01
    46.7000       8.95713209E-02       1.05080699E-01
    46.8000       8.96145630E-02       1.05159466E-01
    46.9000       8.96586507E-02       1.05237941E-01
    47.0000       8.97039134E-02       1.05316199E-01
    47.1000       8.97503512E-02       1.05394258E-01
    47.2000       8.97975691E-02       1.05472123E-01
    47.3000       8.98448586E-02       1.05549699E-01
    47.4000       8.98912256E-02       1.05626591E-01
    47.5000       8.99357035E-02       1.05702510E-01
    47.6000       8.99773900E-02       1.05777512E-01
    47.7000       9.00156176E-02       1.05851622E-01
    47.8000       9.00500340E-02       1.05924666E-01
    47.9000       9.00806480E-02       1.05996419E-01
    48.0000       9.01077126E-02       1.06066701E-01
    48.1000       9.01316124E-02       1.06135425E-01
    48.2000       9.01527037E-02       1.06202583E-01
    48.3000       9.01712448E-02       1.06268222E-01
    48.4000       9.01873882E-02       1.06332378E-01
    48.5000       9.02013562E-02       1.06395111E-01
    48.6000       9.02134020E-02       1.06456508E-01
    48.7000       9.02238901E-02       1.06516705E-01
    48.8000       9.02332800E-02       1.06575860E-01
    48.9000       9.02421276E-02       1.06634141E-01
    49.0000       9.02509828E-02       1.06691716E-01
    49.1000       9.02604364E-02       1.06748771E-01
    49.2000       9.02710262E-02       1.06805472E-01
    49.3000       9.02831410E-02       1.06861925E-01
    49.4000       9.02970652E-02       1.06918271E-01
    49.5000       9.03128947E-02       1.06974685E-01
    49.6000       9.03305545E-02       1.07031272E-01
    49.7000       9.03498201E-02       1.07088080E-01
    49.8000       9.03704284E-02       1.07145163E-01
    49.9000       9.03920063E-02       1.07202524E-01
    50.0000       9.04141851E-02       1.07260140E-01
    50.1000       9.04365797E-02       1.07318143E-01
    50.2000       9.04587706E-02       1.07376724E-01
    50.3000       9.04803622E-02       1.07435922E-01
    50.4000       9.05011412E-02       1.07495723E-01
    50.5000       9.05210182E-02       1.07556316E-01
    50.6000       9.05400156E-02       1.07618057E-01
    50.7000       9.05582437E-02       1.07681194E-01
    50.8000       9.05757345E-02       1.07745725E-01
    50.9000       9.05925627E-02       1.07811562E-01
    51.0000       9.06086918E-02       1.07878682E-01
    51.1000       9.06241413E-02       1.07947097E-01
    51.2000       9.06390476E-02       1.08016507E-01
    51.3000       9.06536782E-02       1.08086629E-01
    51.4000       9.06684624E-02       1.08157680E-01
    51.5000       9.06839180E-02       1.08229758E-01
    51.6000       9.07005841E-02       1.08302823E-01
    51.7000       9.07189283E-02       1.08377350E-01
    51.8000       9.07393431E-02       1.08453139E-01
    51.9000       9.07620760E-02       1.08529400E-01
    52.0000       9.07872662E-02       1.08605794E-01
    52.1000       9.08149124E-02       1.08682294E-01
    52.2000       9.08448778E-02       1.08759015E-01
    52.3000       9.08769462E-02       1.08835991E-01
    52.4000       9.09108934E-02       1.08913153E-01
    52.5000       9.09464716E-02       1.08990489E-01
    52.6000       9.09835071E-02       1.09067926E-01
    52.7000       9.10219272E-02       1.09145168E-01
    52.8000       9.10617612E-02       1.09221453E-01
    52.9000       9.11030496E-02       1.09296043E-01
    53.0000       9.11458525E-02       1.09368895E-01
    53.1000       9.11901253E-02       1.09440254E-01
    53.2000       9.12357105E-02       1.09510171E-01
    53.3000       9.12823178E-02       1.09578636E-01
    53.4000       9.13296428E-02       1.09645664E-01
    53.5000       9.13773671E-02       1.09711201E-01
    53.6000       9.14253319E-02       1.09775087E-01
    53.7000       9.14735008E-02       1.09837067E-01
    53.8000       9.15219733E-02       1.09896765E-01
    53.9000       9.15709138E-02       1.09953711E-01
    54.0000       9.16204744E-02       1.10007629E-01
    54.1000       9.16707811E-02       1.10058640E-01
    54.2000       9.17219043E-02       1.10107177E-01
    54.3000       9.17738853E-02       1.10153904E-01
    54.4000       9.18267407E-02       1.10198876E-01
    54.5000       9.18805022E-02       1.10241633E-01
    54.6000       9.19352567E-02       1.10282890E-01
    54.7000       9.19910861E-02       1.10323798E-01
    54.8000       9.20480696E-02       1.10364460E-01
    54.9000       9.21062645E-02       1.10404664E-01
    55.0000       9.21657344E-02       1.10444894E-01
    55.1000       9.22264985E-02       1.10486102E-01
    55.2000       9.22885202E-02       1.10528361E-01
    55.3000       9.23516790E-02       1.10570661E-01
    55.4000       9.24158281E-02       1.10612407E-01
    55.5000       9.24807380E-02       1.10653806E-01
    55.6000       9.25461628E-02       1.10695269E-01
    55.7000       9.26118742E-02       1.10736802E-01
    55.8000       9.26777200E-02       1.10778252E-01
    55.9000       9.27436538E-02       1.10819575E-01
    56.0000       9.28097652E-02       1.10860967E-01
    56.1000       9.28762167E-02       1.10902845E-01
    56.2000       9.29432357E-02       1.10945515E-01
    56.3000       9.30110941E-02       1.10989045E-01
    56.4000       9.30800185E-02       1.11033441E-01
    56.5000       9.31502270E-02       1.11079134E-01
    56.6000       9.32218815E-02       1.11127313E-01
    56.7000       9.32951869E-02       1.11178884E-01
    56.8000       9.33702677E-02       1.11234184E-01
    56.9000       9.34472272E-02       1.11294511E-01
    57.0000       9.35260232E-02       1.11359537E-01
    57.1000       9.36066379E-02       1.11427658E-01
    57.2000       9.36889402E-02       1.11498882E-01
    57.3000       9.37728244E-02       1.11573603E-01
    57.4000       9.38581805E-02       1.11651524E-01
    57.5000       9.39448412E-02       1.11731729E-01
    57.6000       9.40327008E-02       1.11813023E-01
    57.7000       9.41215393E-02       1.11894247E-01
    57.8000       9.42111437E-02       1.11974827E-01
    57.9000       9.43012812E-02       1.12054581E-01
    58.0000       9.43918122E-02       1.12133388E-01
    58.1000       9.44825644E-02       1.12211242E-01
    58.2000       9.45734400E-02       1.12288161E-01
    58.3000       9.46643389E-02       1.12363997E-01
    58.4000       9.47551520E-02       1.12438468E-01
    58.5000       9.48457993E-02       1.12511386E-01
    58.6000       9.49362173E-02       1.12582558E-01
    58.7000       9.50263991E-02       1.12651560E-01
    58.8000       9.51163682E-02       1.12718104E-01
    58.9000       9.52062414E-02       1.12781997E-01
    59.0000       9.52960800E-02       1.12842676E-01
    59.1000       9.53860687E-02       1.12899356E-01
    59.2000       9.54762657E-02       1.12951631E-01
    59.3000       9.55667582E-02       1.13000105E-01
    59.4000       9.56575387E-02       1.13045901E-01
    59.5000       9.57486159E-02       1.13089646E-01
    59.6000       9.58399478E-02       1.13130893E-01
    59.7000       9.59314736E-02       1.13168626E-01
    59.8000       9.60231529E-02       1.13202966E-01
    59.9000       9.61148706E-02       1.13234320E-01
    60.0000       9.62064860E-02       1.13262368E-01
    60.1000       9.62978286E-02       1.13286628E-01
    60.2000       9.63888090E-02       1.13305758E-01
    60.3000       9.64794250E-02       1.13321744E-01
    60.4000       9.65697768E-02       1.13337770E-01
    60.5000       9.66600819E-02       1.13351880E-01
    60.6000       9.67505168E-02       1.13362311E-01
    60.7000       9.68412940E-02       1.13369950E-01
    60.8000       9.69325482E-02       1.13375308E-01
    60.9000       9.70244085E-02       1.13377794E-01
    61.0000       9.71169761E-02       1.13378368E-01
    61.1000       9.72102222E-02       1.13375753E-01
    61.2000       9.73041025E-02       1.13369659E-01
    61.3000       9.73985427E-02       1.13361929E-01
    61.4000       9.74933439E-02       1.13353716E-01
    61.5000       9.75882991E-02       1.13344934E-01
    61.6000       9.76831332E-02       1.13336127E-01
    61.7000       9.77775222E-02       1.13326735E-01
    61.8000       9.78711533E-02       1.13315960E-01
    61.9000       9.79637328E-02       1.13304029E-01
    62.0000       9.80550646E-02       1.13291715E-01
    62.1000       9.81449181E-02       1.13278862E-01
    62.2000       9.82331165E-02       1.13265928E-01
    62.3000       9.83195211E-02       1.13253309E-01
    62.4000       9.84039966E-02       1.13239923E-01
    62.5000       9.84864777E-02       1.13227732E-01
    62.6000       9.85668380E-02       1.13215985E-01
    62.7000       9.86449298E-02       1.13202754E-01
    62.8000       9.87206693E-02       1.13187837E-01
    62.9000       9.87938388E-02       1.13172328E-01
    63.0000       9.88643098E-02       1.13157452E-01
    63.1000       9.89319214E-02       1.13144068E-01
    63.2000       9.89964981E-02       1.13131852E-01
    63.3000       9.90580071E-02       1.13119961E-01
    63.4000       9.91164284E-02       1.13108414E-01
    63.5000       9.91718438E-02       1.13097911E-01
    63.6000       9.92244320E-02       1.13088743E-01
    63.7000       9.92743935E-02       1.13080625E-01
    63.8000       9.93219350E-02       1.13073163E-01
    63.9000       9.93673339E-02       1.13066141E-01
    64.0000       9.94107506E-02       1.13059507E-01
    64.1000       9.94523394E-02       1.13053354E-01
    64.2000       9.94921569E-02       1.13047848E-01
    64.3000       9.95302032E-02       1.13043096E-01
    64.4000       9.95664813E-02       1.13039130E-01
    64.5000       9.96010087E-02       1.13036191E-01
    64.6000       9.96338741E-02       1.13034656E-01
    64.7000       9.96651718E-02       1.13034818E-01
    64.8000       9.96949976E-02       1.13037335E-01
    64.9000       9.97233820E-02       1.13042264E-01
    65.0000       9.97502769E-02       1.13048983E-01
    65.1000       9.97755055E-02       1.13057769E-01
    65.2000       9.97988473E-02       1.13068442E-01
    65.3000       9.98200967E-02       1.13080262E-01
    65.4000       9.98391413E-02       1.13092954E-01
    65.5000       9.98559519E-02       1.13106665E-01
    65.6000       9.98706612E-02       1.13121503E-01
    65.7000       9.98835049E-02       1.13137299E-01
    65.8000       9.98948098E-02       1.13153822E-01
    65.9000       9.99049236E-02       1.13170902E-01
    66.0000       9.99142417E-02       1.13189294E-01
    66.1000       9.99231696E-02       1.13210461E-01
    66.2000       9.99320448E-02       1.13234117E-01
    66.3000       9.99412758E-02       1.13260788E-01
    66.4000       9.99512335E-02       1.13291214E-01
    66.5000       9.99622385E-02       1.13325750E-01
    66.6000       9.99746306E-02       1.13364359E-01
    66.7000       9.99887000E-02       1.13405958E-01
    66.8000       1.00004714E-01       1.13449333E-01
    66.9000       1.00022870E-01       1.13493832E-01
    67.0000       1.00043412E-01       1.13539080E-01
    67.1000       1.00066498E-01       1.13584828E-01
    67.2000       1.00092269E-01       1.13630922E-01
    67.3000       1.00120840E-01       1.13677257E-01
    67.4000       1.00152310E-01       1.13724464E-01
    67.5000       1.00186741E-01       1.13773424E-01
    67.6000       1.00224179E-01       1.13824258E-01
    67.7000       1.00264621E-01       1.13876643E-01
    67.8000       1.00308129E-01       1.13930301E-01
    67.9000       1.00354659E-01       1.13985029E-01
    68.0000       1.00404237E-01       1.14040589E-01
    68.1000       1.00456786E-01       1.14096795E-01
    68.2000       1.00512247E-01       1.14154184E-01
    68.3000       1.00570525E-01       1.14214055E-01
    68.4000       1.00631496E-01       1.14276986E-01
    68.5000       1.00695074E-01       1.14341961E-01
    68.6000       1.00761062E-01       1.14407768E-01
    68.7000       1.00829306E-01       1.14473963E-01
    68.8000       1.00899584E-01       1.14540334E-01
    68.9000       1.00971728E-01       1.14606504E-01
    69.0000       1.01045520E-01       1.14672187E-01
    69.1000       1.01120755E-01       1.14737212E-01
    69.2000       1.01197213E-01       1.14801543E-01
    69.3000       1.01274676E-01       1.14865224E-01
    69.4000       1.01352921E-01       1.14928465E-01
    69.5000       1.01431726E-01       1.14991685E-01
    69.6000       1.01510886E-01       1.15055426E-01
    69.7000       1.01590234E-01       1.15119823E-01
    69.8000       1.01669560E-01       1.15184440E-01
    69.9000       1.01748725E-01       1.15248733E-01
    70.0000       1.01827546E-01       1.15312365E-01
    70.1000       1.01905892E-01       1.15375144E-01
    70.2000       1.01983645E-01       1.15436841E-01
    70.3000       1.02060736E-01       1.15497017E-01
    70.4000       1.02137067E-01       1.15554916E-01
    70.5000       1.02212633E-01       1.15610180E-01
    70.6000       1.02287432E-01       1.15663248E-01
    70.7000       1.02361517E-01       1.15714421E-01
    70.8000       1.02434975E-01       1.15763867E-01
    70.9000       1.02507875E-01       1.15811760E-01
    71.0000       1.02580344E-01       1.15857547E-01
    71.1000       1.02652495E-01       1.15900936E-01
    71.2000       1.02724430E-01       1.15941708E-01
    71.3000       1.02796273E-01       1.15979658E-01
    71.4000       1.02868127E-01       1.16017955E-01
    71.5000       1.02940095E-01       1.16057640E-01
    71.6000       1.03012210E-01       1.16095025E-01
    71.7000       1.03084577E-01       1.16132737E-01
    71.8000       1.03157186E-01       1.16173063E-01
    71.9000       1.03230043E-01       1.16212455E-01
    72.0000       1.03303197E-01       1.16249923E-01
    72.1000       1.03376631E-01       1.16287714E-01
    72.2000       1.03450347E-01       1.16328963E-01
    72.3000       1.03524350E-01       1.16374500E-01
    72.4000       1.03598604E-01       1.16422125E-01
    72.5000       1.03673173E-01       1.16469351E-01
    72.6000       1.03747995E-01       1.16515333E-01
    72.7000       1.03823167E-01       1.16560758E-01
    72.8000       1.03898644E-01       1.16606081E-01
    72.9000       1.03974408E-01       1.16650648E-01
    73.0000       1.04050471E-01       1.16693372E-01
    73.1000       1.04126781E-01       1.16733610E-01
    73.2000       1.04203266E-01       1.16771366E-01
    73.3000       1.04279865E-01       1.16806994E-01
    73.4000       1.04356449E-01       1.16840898E-01
    73.5000       1.04432918E-01       1.16873354E-01
    73.6000       1.04509104E-01       1.16904363E-01
    73.7000       1.04584832E-01       1.16933709E-01
    73.8000       1.04659909E-01       1.16961101E-01
    73.9000       1.04734166E-01       1.16986417E-01
    74.0000       1.04807459E-01       1.17009883E-01
    74.1000       1.04879650E-01       1.17031897E-01
    74.2000       1.04950643E-01       1.17052677E-01
    74.3000       1.05020415E-01       1.17072083E-01
    74.4000       1.05088996E-01       1.17089897E-01
    74.5000       1.05156399E-01       1.17106242E-01
    74.6000       1.05222763E-01       1.17121657E-01
    74.7000       1.05288221E-01       1.17136669E-01
    74.8000       1.05353006E-01       1.17151499E-01
    74.9000       1.05417323E-01       1.17166300E-01
    75.0000       1.05481431E-01       1.17181106E-01
    75.1000       1.05545542E-01       1.17195333E-01
    75.2000       1.05609870E-01       1.17209034E-01
    75.3000       1.05674550E-01       1.17223088E-01
    75.4000       1.05739693E-01       1.17237493E-01
    75.5000       1.05805378E-01       1.17252208E-01
    75.6000       1.05871599E-01       1.17267962E-01
    75.7000       1.05938379E-01       1.17285005E-01
    75.8000       1.06005679E-01       1.17302060E-01
    75.9000       1.06073517E-01       1.17318652E-01
    76.0000       1.06141853E-01       1.17333730E-01
    76.1000       1.06210736E-01       1.17346320E-01
    76.2000       1.06280159E-01       1.17357510E-01
    76.3000       1.06350233E-01       1.17368805E-01
    76.4000       1.06420967E-01       1.17380392E-01
    76.5000       1.06492435E-01       1.17392388E-01
    76.6000       1.06564619E-01       1.17405182E-01
    76.7000       1.06637461E-01       1.17417086E-01
    76.8000       1.06710888E-01       1.17426621E-01
    76.9000       1.06784717E-01       1.17433451E-01
    77.0000       1.06858795E-01       1.17437504E-01
    77.1000       1.06932915E-01       1.17439684E-01
    77.2000       1.07006936E-01       1.17440129E-01
    77.3000       1.07080682E-01       1.17437382E-01
    77.4000       1.07154078E-01       1.17431181E-01
    77.5000       1.07227133E-01       1.17423456E-01
    77.6000       1.07299880E-01       1.17415037E-01
    77.7000       1.07372476E-01       1.17404863E-01
    77.8000       1.07445128E-01       1.17393253E-01
    77.9000       1.07518012E-01       1.17382194E-01
    78.0000       1.07591330E-01       1.17372085E-01
    78.1000       1.07665183E-01       1.17362003E-01
    78.2000       1.07739588E-01       1.17352302E-01
    78.3000       1.07814585E-01       1.17343602E-01
    78.4000       1.07890080E-01       1.17335319E-01
    78.5000       1.07965980E-01       1.17326772E-01
    78.6000       1.08042195E-01       1.17317884E-01
    78.7000       1.08118633E-01       1.17308768E-01
    78.8000       1.08195248E-01       1.17299338E-01
    78.9000       1.08272014E-01       1.17289476E-01
    79.0000       1.08348938E-01       1.17279310E-01
    79.1000       1.08426137E-01       1.17269178E-01
    79.2000       1.08503646E-01       1.17259287E-01
    79.3000       1.08581547E-01       1.17249687E-01
    79.4000       1.08659859E-01       1.17240338E-01
    79.5000       1.08738566E-01       1.17231183E-01
    79.6000       1.08817630E-01       1.17222242E-01
    79.7000       1.08896960E-01       1.17213667E-01
    79.8000       1.08976458E-01       1.17205739E-01
    79.9000       1.09056064E-01       1.17198743E-01
    80.0000       1.09135737E-01       1.17192920E-01
    80.1000       1.09215411E-01       1.17188469E-01
    80.2000       1.09295043E-01       1.17185532E-01
    80.3000       1.09374596E-01       1.17184247E-01
    80.4000       1.09454043E-01       1.17184715E-01
    80.5000       1.09533413E-01       1.17187079E-01
    80.6000       1.09612663E-01       1.17191439E-01
    80.7000       1.09691784E-01       1.17197842E-01
    80.8000       1.09770720E-01       1.17206292E-01
    80.9000       1.09849417E-01       1.17216809E-01
    81.0000       1.09927846E-01       1.17229423E-01
    81.1000       1.10005974E-01       1.17244088E-01
    81.2000       1.10083772E-01       1.17260729E-01
    81.3000       1.10161274E-01       1.17279399E-01
    81.4000       1.10238527E-01       1.17300283E-01
    81.5000       1.10315562E-01       1.17323555E-01
    81.6000       1.10392458E-01       1.17349213E-01
    81.7000       1.10469283E-01       1.17377108E-01
    81.8000       1.10546087E-01       1.17407068E-01
    81.9000       1.10622977E-01       1.17439024E-01
    82.0000       1.10700020E-01       1.17472953E-01
    82.1000       1.10777263E-01       1.17508782E-01
    82.2000       1.10854759E-01       1.17546347E-01
    82.3000       1.10932550E-01       1.17585476E-01
    82.4000       1.11010628E-01       1.17626070E-01
    82.5000       1.11089006E-01       1.17668176E-01
    82.6000       1.11167629E-01       1.17711939E-01
    82.7000       1.11246496E-01       1.17757542E-01
    82.8000       1.11325583E-01       1.17805051E-01
    82.9000       1.11404862E-01       1.17854356E-01
    83.0000       1.11484297E-01       1.17905176E-01
    83.1000       1.11563859E-01       1.17957171E-01
    83.2000       1.11643544E-01       1.18010026E-01
    83.3000       1.11723281E-01       1.18063417E-01
    83.4000       1.11803088E-01       1.18117041E-01
    83.5000       1.11882937E-01       1.18170646E-01
    83.6000       1.11962785E-01       1.18224205E-01
    83.7000       1.12042609E-01       1.18277821E-01
    83.8000       1.12122397E-01       1.18331545E-01
    83.9000       1.12202124E-01       1.18385194E-01
    84.0000       1.12281780E-01       1.18438399E-01
    84.1000       1.12361345E-01       1.18490717E-01
    84.2000       1.12440875E-01       1.18541750E-01
    84.3000       1.12520370E-01       1.18591217E-01
    84.4000       1.12599864E-01       1.18638931E-01
    84.5000       1.12679448E-01       1.18684861E-01
    84.6000       1.12759124E-01       1.18729092E-01
    84.7000       1.12838979E-01       1.18771794E-01
    84.8000       1.12919038E-01       1.18813025E-01
    84.9000       1.12999331E-01       1.18852756E-01
    85.0000       1.13079877E-01       1.18891064E-01
    85.1000       1.13160684E-01       1.18928139E-01
    85.2000       1.13241806E-01       1.18964186E-01
    85.3000       1.13323269E-01       1.18999335E-01
    85.4000       1.13405031E-01       1.19033772E-01
    85.5000       1.13487111E-01       1.19067774E-01
    85.6000       1.13569527E-01       1.19101587E-01
    85.7000       1.13652225E-01       1.19135410E-01
    85.8000       1.13735069E-01       1.19169400E-01
    85.9000       1.13817966E-01       1.19203682E-01
    86.0000       1.13900774E-01       1.19238306E-01
    86.1000       1.13983327E-01       1.19273223E-01
    86.2000       1.14065545E-01       1.19308373E-01
    86.3000       1.14147263E-01       1.19343661E-01
    86.4000       1.14228376E-01       1.19378975E-01
    86.5000       1.14308762E-01       1.19414158E-01
    86.6000       1.14388350E-01       1.19449083E-01
    86.7000       1.14467013E-01       1.19483585E-01
    86.8000       1.14544694E-01       1.19517522E-01
    86.9000       1.14621307E-01       1.19550781E-01
    87.0000       1.14696795E-01       1.19583223E-01
    87.1000       1.14771217E-01       1.19614790E-01
    87.2000       1.14844512E-01       1.19645389E-01
    87.3000       1.14916679E-01       1.19675009E-01
    87.4000       1.14987696E-01       1.19703655E-01
    87.5000       1.15057564E-01       1.19731341E-01
    87.6000       1.15126319E-01       1.19758125E-01
    87.7000       1.15193986E-01       1.19784054E-01
    87.8000       1.15260580E-01       1.19809182E-01
    87.9000       1.15326096E-01       1.19833567E-01
    88.0000       1.15390537E-01       1.19857270E-01
    88.1000       1.15453882E-01       1.19880321E-01
    88.2000       1.15516182E-01       1.19902769E-01
    88.3000       1.15577411E-01       1.19924636E-01
    88.4000       1.15637555E-01       1.19945966E-01
    88.5000       1.15696664E-01       1.19966830E-01
    88.6000       1.15754739E-01       1.19987308E-01
    88.7000       1.15811794E-01       1.20007442E-01
    88.8000       1.15867759E-01       1.20027240E-01
    88.9000       1.15922678E-01       1.20046703E-01
    89.0000       1.15976605E-01       1.20065819E-01
    89.1000       1.16029544E-01       1.20084551E-01
    89.2000       1.16081547E-01       1.20102889E-01
    89.3000       1.16132677E-01       1.20120839E-01
    89.4000       1.16183069E-01       1.20138413E-01
    89.5000       1.16232778E-01       1.20155622E-01
    89.6000       1.16281815E-01       1.20172468E-01
    89.7000       1.16330317E-01       1.20188966E-01
    89.8000       1.16378298E-01       1.20205110E-01
    89.9000       1.16425813E-01       1.20220895E-01
    90.0000       1.16472942E-01       1.20236264E-01
    90.1000       1.16519802E-01       1.20251225E-01
    90.2000       1.16566482E-01       1.20265752E-01
    90.3000       1.16613059E-01       1.20279785E-01
    90.4000       1.16659655E-01       1.20293215E-01
    90.5000       1.16706417E-01       1.20305947E-01
    90.6000       1.16753354E-01       1.20318003E-01
    90.7000       1.16800457E-01       1.20329395E-01
    90.8000       1.16847718E-01       1.20340041E-01
    90.9000       1.16895126E-01       1.20349975E-01
    91.0000       1.16942567E-01       1.20359388E-01
    91.1000       1.16990006E-01       1.20368412E-01
    91.2000       1.17037366E-01       1.20376920E-01
    91.3000       1.17084607E-01       1.20384845E-01
    91.4000       1.17131679E-01       1.20392234E-01
    91.5000       1.17178540E-01       1.20399068E-01
    91.6000       1.17225228E-01       1.20405307E-01
    91.7000       1.17271735E-01       1.20410920E-01
    91.8000       1.17318008E-01       1.20415923E-01
    91.9000       1.17364101E-01       1.20420367E-01
    92.0000       1.17410037E-01       1.20424241E-01
    92.1000       1.17455804E-01       1.20427480E-01
    92.2000       1.17501479E-01       1.20430075E-01
    92.3000       1.17547143E-01       1.20432023E-01
    92.4000       1.17592869E-01       1.20433324E-01
    92.5000       1.17638755E-01       1.20434012E-01
    92.6000       1.17684989E-01       1.20434154E-01
    92.7000       1.17731672E-01       1.20433790E-01
    92.8000       1.17778969E-01       1.20432919E-01
    92.9000       1.17826971E-01       1.20431535E-01
    93.0000       1.17875829E-01       1.20429592E-01
    93.1000       1.17925633E-01       1.20427038E-01
    93.2000       1.17976492E-01       1.20423853E-01
    93.3000       1.18028467E-01       1.20420019E-01
    93.4000       1.18081688E-01       1.20415512E-01
    93.5000       1.18136221E-01       1.20410343E-01
    93.6000       1.18192124E-01       1.20404487E-01
    93.7000       1.18249477E-01       1.20397914E-01
    93.8000       1.18308350E-01       1.20390590E-01
    93.9000       1.18368789E-01       1.20382434E-01
    94.0000       1.18430829E-01       1.20373391E-01
    94.1000       1.18494545E-01       1.20363347E-01
    94.2000       1.18559890E-01       1.20352160E-01
    94.3000       1.18626904E-01       1.20339661E-01
    94.4000       1.18695464E-01       1.20325637E-01
    94.5000       1.18765552E-01       1.20310233E-01
    94.6000       1.18837072E-01       1.20293816E-01
    94.7000       1.18909889E-01       1.20276220E-01
    94.8000       1.18983829E-01       1.20256431E-01
    94.9000       1.19058737E-01       1.20234923E-01
    95.0000       1.19134448E-01       1.20213798E-01
    95.1000       1.19210642E-01       1.20193114E-01
    95.2000       1.19287163E-01       1.20170826E-01
    95.3000       1.19363793E-01       1.20148486E-01
    95.4000       1.19440224E-01       1.20128106E-01
    95.5000       1.19516269E-01       1.20108617E-01
    95.6000       1.19591634E-01       1.20089362E-01
    95.7000       1.19666171E-01       1.20070862E-01
    95.8000       1.19739652E-01       1.20054265E-01
    95.9000       1.19811952E-01       1.20039338E-01
    96.0000       1.19882896E-01       1.20024927E-01
    96.1000       1.19952347E-01       1.20010277E-01
    96.2000       1.20020357E-01       1.19995188E-01
    96.3000       1.20086871E-01       1.19979715E-01
    96.4000       1.20152021E-01       1.19964236E-01
    96.5000       1.20215950E-01       1.19949315E-01
    96.6000       1.20278883E-01       1.19935439E-01
    96.7000       1.20341106E-01       1.19922635E-01
    96.8000       1.20402791E-01       1.19910436E-01
    96.9000       1.20464230E-01       1.19898425E-01
    97.0000       1.20525545E-01       1.19886486E-01
    97.1000       1.20586871E-01       1.19874635E-01
    97.2000       1.20648291E-01       1.19862720E-01
    97.3000       1.20709771E-01       1.19850554E-01
    97.4000       1.20771291E-01       1.19838140E-01
    97.5000       1.20832761E-01       1.19825646E-01
    97.6000       1.20894020E-01       1.19813342E-01
    97.7000       1.20954859E-01       1.19801503E-01
    97.8000       1.21015265E-01       1.19790386E-01
    97.9000       1.21075085E-01       1.19780158E-01
    98.0000       1.21134272E-01       1.19770907E-01
    98.1000       1.21192973E-01       1.19762616E-01
    98.2000       1.21251347E-01       1.19755204E-01
    98.3000       1.21309475E-01       1.19748513E-01
    98.4000       1.21367579E-01       1.19742406E-01
    98.5000       1.21425955E-01       1.19736853E-01
    98.6000       1.21484791E-01       1.19731877E-01
    98.7000       1.21544253E-01       1.19727473E-01
    98.8000       1.21604465E-01       1.19723559E-01
    98.9000       1.21665499E-01       1.19719983E-01
    99.0000       1.21727308E-01       1.19716639E-01
    99.1000       1.21789876E-01       1.19713530E-01
    99.2000       1.21853080E-01       1.19710603E-01
    99.3000       1.21916893E-01       1.19707872E-01
    99.4000       1.21981322E-01       1.19705448E-01
    99.5000       1.22046419E-01       1.19703510E-01
    99.6000       1.22112206E-01       1.19702142E-01
    99.7000       1.22178694E-01       1.19701301E-01
    99.8000       1.22245977E-01       1.19701116E-01
    99.9000       1.22313950E-01       1.19701740E-01
   100.0000       1.22382571E-01       1.19703286E-01
