     0.1000       1.80087530E-02       1.79623113E-02       3.02144748E-02
     0.2000       1.86964829E-02       1.86507324E-02       3.04984872E-02
     0.3000       1.94342901E-02       1.93943740E-02       3.08595923E-02
     0.4000       2.02211270E-02       2.01944343E-02       3.12783433E-02
     0.5000       2.10549710E-02       2.10508711E-02       3.17386362E-02
     0.6000       2.19328456E-02       2.19618066E-02       3.22283114E-02
     0.7000       2.28509123E-02       2.29228318E-02       3.27385591E-02
     0.8000       2.38046278E-02       2.39263466E-02       3.32630750E-02
     0.9000       2.47889558E-02       2.49612014E-02       3.37973328E-02
     1.0000       2.57986075E-02       2.60130177E-02       3.43380454E-02
     1.1000       2.68282815E-02       2.70655330E-02       3.48827895E-02
     1.2000       2.78728766E-02       2.81029973E-02       3.54297508E-02
     1.3000       2.89276549E-02       2.91130724E-02       3.59775506E-02
     1.4000       2.99883464E-02       3.00891814E-02       3.65251280E-02
     1.5000       3.10511956E-02       3.10312932E-02       3.70716581E-02
     1.6000       3.21129603E-02       3.19448387E-02       3.76164947E-02
     1.7000       3.31708766E-02       3.28383638E-02       3.81591291E-02
     1.8000       3.42226046E-02       3.37209771E-02       3.86991599E-02
     1.9000       3.52661681E-02       3.46004418E-02       3.92362711E-02
     2.0000       3.62998975E-02       3.54822208E-02       3.97702148E-02
     2.1000       3.73223801E-02       3.63693371E-02       4.03007984E-02
     2.2000       3.83324211E-02       3.72627265E-02       4.08278739E-02
     2.3000       3.93290138E-02       3.81617836E-02       4.13513304E-02
     2.4000       4.03113185E-02       3.90649070E-02       4.18710872E-02
     2.5000       4.12786466E-02       3.99699518E-02       4.23870883E-02
     2.6000       4.22304500E-02       4.08745655E-02       4.28992987E-02
     2.7000       4.31663109E-02       4.17764153E-02       4.34076999E-02
     2.8000       4.40859345E-02       4.26733299E-02       4.39122877E-02
     2.9000       4.49891399E-02       4.35633783E-02       4.44130696E-02
     3.0000       4.58758519E-02       4.44449054E-02       4.49100622E-02
     3.1000       4.67460917E-02       4.53165392E-02       4.54032901E-02
     3.2000       4.75999666E-02       4.61680124E-02       4.58927842E-02
     3.3000       4.84378619E-02       4.63917459E-02       4.63785858E-02
     3.4000       4.92610813E-02       4.70926941E-02       4.68607631E-02
     3.5000       5.00704202E-02       4.79128531E-02       4.73393743E-02
     3.6000       5.08661142E-02       4.87227114E-02       4.78144622E-02
     3.7000       5.16484052E-02       4.95264176E-02       4.82860709E-02
     3.8000       5.24175633E-02       5.03119471E-02       4.87542467E-02
     3.9000       5.31738884E-02       5.10980775E-02       4.92190386E-02
     4.0000       5.39176775E-02       5.18444871E-02       4.96804965E-02
     4.1000       5.46492616E-02       5.25841858E-02       5.01386693E-02
     4.2000       5.53689557E-02       5.33395593E-02       5.05936097E-02
     4.3000       5.60770555E-02       5.40656827E-02       5.10453730E-02
     4.4000       5.67738579E-02       5.48013536E-02       5.14940143E-02
     4.5000       5.74596466E-02       5.55154952E-02       5.19395890E-02
     4.6000       5.81346922E-02       5.62281889E-02       5.23821531E-02
     4.7000       5.87992471E-02       5.69271670E-02       5.28217616E-02
     4.8000       5.94535418E-02       5.76236233E-02       5.32584704E-02
     4.9000       6.00977853E-02       5.83010084E-02       5.36923340E-02
     5.0000       6.07321670E-02       5.89744102E-02       5.41234058E-02
     5.1000       6.13568499E-02       5.96437666E-02       5.45517401E-02
     5.2000       6.19719719E-02       6.03026006E-02       5.49773902E-02
     5.3000       6.25776510E-02       6.09525389E-02       5.54004084E-02
     5.4000       6.31739784E-02       6.15969209E-02       5.58208464E-02
     5.5000       6.37610260E-02       6.22389169E-02       5.62387557E-02
     5.6000       6.43388406E-02       6.28711345E-02       5.66541860E-02
     5.7000       6.49074476E-02       6.34957094E-02       5.70671864E-02
     5.8000       6.54668452E-02       6.41130483E-02       5.74778052E-02
     5.9000       6.60170149E-02       6.47275242E-02       5.78860898E-02
     6.0000       6.65579126E-02       6.53321367E-02       5.82920861E-02
     6.1000       6.70894822E-02       6.59351181E-02       5.86958389E-02
     6.2000       6.76116457E-02       6.65298254E-02       5.90973920E-02
     6.3000       6.81243107E-02       6.71152785E-02       5.94967873E-02
     6.4000       6.86273751E-02       6.77012826E-02       5.98940654E-02
     6.5000       6.91207277E-02       6.82786357E-02       6.02892653E-02
     6.6000       6.96042438E-02       6.88447317E-02       6.06824244E-02
     6.7000       7.00777981E-02       6.94092506E-02       6.10735773E-02
     6.8000       7.05412599E-02       6.99728152E-02       6.14627563E-02
     6.9000       7.09944914E-02       7.05176691E-02       6.18499917E-02
     7.0000       7.14373596E-02       7.10668523E-02       6.22353101E-02
     7.1000       7.18697281E-02       7.16012869E-02       6.26187343E-02
     7.2000       7.22914714E-02       7.21415178E-02       6.30002839E-02
     7.3000       7.27024699E-02       7.26625556E-02       6.33799740E-02
     7.4000       7.31026167E-02       7.31807354E-02       6.37578147E-02
     7.5000       7.34918119E-02       7.36920819E-02       6.41338097E-02
     7.6000       7.38699670E-02       7.41928758E-02       6.45079558E-02
     7.7000       7.42370117E-02       7.46856196E-02       6.48802414E-02
     7.8000       7.45928913E-02       7.51777393E-02       6.52506470E-02
     7.9000       7.49375659E-02       7.56524087E-02       6.56191433E-02
     8.0000       7.52710142E-02       7.61257772E-02       6.59856888E-02
     8.1000       7.55932374E-02       7.65771515E-02       6.63502289E-02
     8.2000       7.59042543E-02       7.70307344E-02       6.67126933E-02
     8.3000       7.62041061E-02       7.74692518E-02       6.70729937E-02
     8.4000       7.64928554E-02       7.78975147E-02       6.74310231E-02
     8.5000       7.67705870E-02       7.83124635E-02       6.77866512E-02
     8.6000       7.70374049E-02       7.87172606E-02       6.81397207E-02
     8.7000       7.72934359E-02       7.91109185E-02       6.84900460E-02
     8.8000       7.75388240E-02       7.94954315E-02       6.88374053E-02
     8.9000       7.77737383E-02       7.98700822E-02       6.91815372E-02
     9.0000       7.79983616E-02       8.02319379E-02       6.95221359E-02
     9.1000       7.82128955E-02       8.05772535E-02       6.98588447E-02
     9.2000       7.84175596E-02       8.09132057E-02       7.01912486E-02
     9.3000       7.86125869E-02       8.12351122E-02       7.05188648E-02
     9.4000       7.87982290E-02       8.15469569E-02       7.08411379E-02
     9.5000       7.89747448E-02       8.18425689E-02       7.11574253E-02
     9.6000       7.91424063E-02       8.21305939E-02       7.14669878E-02
     9.7000       7.93014944E-02       8.23995136E-02       7.17689778E-02
     9.8000       7.94523000E-02       8.26626418E-02       7.20624273E-02
     9.9000       7.95951188E-02       8.29082501E-02       7.23462322E-02
    10.0000       7.97302504E-02       8.31420171E-02       7.26191340E-02
    10.1000       7.98579994E-02       8.33637377E-02       7.28797071E-02
    10.2000       7.99786699E-02       8.35783697E-02       7.31263428E-02
    10.3000       8.00925670E-02       8.37756113E-02       7.33572269E-02
    10.4000       8.01999937E-02       8.39642330E-02       7.35703278E-02
    10.5000       8.03012531E-02       8.41384801E-02       7.37633783E-02
    10.6000       8.03966443E-02       8.43045765E-02       7.39338642E-02
    10.7000       8.04864605E-02       8.44597014E-02       7.40790119E-02
    10.8000       8.05709903E-02       8.46016513E-02       7.41957821E-02
    10.9000       8.06505169E-02       8.47363453E-02       7.42808759E-02
    11.0000       8.07253144E-02       8.48616071E-02       7.43307422E-02
    11.1000       8.07956509E-02       8.49776538E-02       7.43416045E-02
    11.2000       8.08617855E-02       8.50812769E-02       7.43094961E-02
    11.3000       8.09239687E-02       8.51795584E-02       7.42303209E-02
    11.4000       8.09824435E-02       8.52681848E-02       7.40999289E-02
    11.5000       8.10374419E-02       8.53493357E-02       7.39142170E-02
    11.6000       8.10891890E-02       8.54248588E-02       7.36692532E-02
    11.7000       8.11378974E-02       8.54924071E-02       7.33614294E-02
    11.8000       8.11837711E-02       8.55528826E-02       7.29876306E-02
    11.9000       8.12270051E-02       8.56066281E-02       7.25454291E-02
    12.0000       8.12677846E-02       8.56538769E-02       7.20332793E-02
    12.1000       8.13062856E-02       8.56978506E-02       7.14507113E-02
    12.2000       8.13426744E-02       8.57358650E-02       7.07985177E-02
    12.3000       8.13771084E-02       8.57664370E-02       7.00789011E-02
    12.4000       8.14097354E-02       8.57957857E-02       6.92955604E-02
    12.5000       8.14406951E-02       8.58205364E-02       6.84537253E-02
    12.6000       8.14701194E-02       8.58401802E-02       6.75601149E-02
    12.7000       8.14981320E-02       8.58564702E-02       6.66227984E-02
    12.8000       8.15248480E-02       8.58697423E-02       6.56509883E-02
    12.9000       8.15503758E-02       8.58805004E-02       6.46547437E-02
    13.0000       8.15748167E-02       8.58876258E-02       6.36446319E-02
    13.1000       8.15982649E-02       8.58944493E-02       6.26313599E-02
    13.2000       8.16208081E-02       8.58954986E-02       6.16253901E-02
    13.3000       8.16425277E-02       8.58968875E-02       6.06365966E-02
    13.4000       8.16634994E-02       8.58945687E-02       5.96739592E-02
    13.5000       8.16837933E-02       8.58926963E-02       5.87453302E-02
    13.6000       8.17034745E-02       8.58886171E-02       5.78572785E-02
    13.7000       8.17226022E-02       8.58821735E-02       5.70149990E-02
    13.8000       8.17412316E-02       8.58767924E-02       5.62223159E-02
    13.9000       8.17594140E-02       8.58679248E-02       5.54817420E-02
    14.0000       8.17771960E-02       8.58592174E-02       5.47945696E-02
    14.1000       8.17946208E-02       8.58495206E-02       5.41610178E-02
    14.2000       8.18117275E-02       8.58383164E-02       5.35803907E-02
    14.3000       8.18285524E-02       8.58260406E-02       5.30512439E-02
    14.4000       8.18451290E-02       8.58143120E-02       5.25715456E-02
    14.5000       8.18614884E-02       8.58011528E-02       5.21388319E-02
    14.6000       8.18776585E-02       8.57878510E-02       5.17503385E-02
    14.7000       8.18936655E-02       8.57741265E-02       5.14031205E-02
    14.8000       8.19095329E-02       8.57590616E-02       5.10941479E-02
    14.9000       8.19252827E-02       8.57448744E-02       5.08203892E-02
    15.0000       8.19409353E-02       8.57286935E-02       5.05788707E-02
    15.1000       8.19565100E-02       8.57127891E-02       5.03667250E-02
    15.2000       8.19720243E-02       8.56959131E-02       5.01812207E-02
    15.3000       8.19874945E-02       8.56791694E-02       5.00197874E-02
    15.4000       8.20029361E-02       8.56607672E-02       4.98800260E-02
    15.5000       8.20183633E-02       8.56434328E-02       4.97597158E-02
    15.6000       8.20337899E-02       8.56242449E-02       4.96568165E-02
    15.7000       8.20492282E-02       8.56051784E-02       4.95694618E-02
    15.8000       8.20646904E-02       8.55854750E-02       4.94959543E-02
    15.9000       8.20801880E-02       8.55651504E-02       4.94347552E-02
    16.0000       8.20957319E-02       8.55442337E-02       4.93844745E-02
    16.1000       8.21113324E-02       8.55226955E-02       4.93438586E-02
    16.2000       8.21269988E-02       8.55012747E-02       4.93117816E-02
    16.3000       8.21427405E-02       8.54785737E-02       4.92872313E-02
    16.4000       8.21585656E-02       8.54564116E-02       4.92693026E-02
    16.5000       8.21744822E-02       8.54335372E-02       4.92571861E-02
    16.6000       8.21904973E-02       8.54100959E-02       4.92501569E-02
    16.7000       8.22066176E-02       8.53862002E-02       4.92475671E-02
    16.8000       8.22228490E-02       8.53629923E-02       4.92488373E-02
    16.9000       8.22391963E-02       8.53391770E-02       4.92534505E-02
    17.0000       8.22556640E-02       8.53155940E-02       4.92609435E-02
    17.1000       8.22722555E-02       8.52917400E-02       4.92709011E-02
    17.2000       8.22889736E-02       8.52685667E-02       4.92829534E-02
    17.3000       8.23058199E-02       8.52449765E-02       4.92967677E-02
    17.4000       8.23227951E-02       8.52220336E-02       4.93120436E-02
    17.5000       8.23398987E-02       8.51994916E-02       4.93285138E-02
    17.6000       8.23571289E-02       8.51774601E-02       4.93459361E-02
    17.7000       8.23744830E-02       8.51566594E-02       4.93640912E-02
    17.8000       8.23919570E-02       8.51355225E-02       4.93827816E-02
    17.9000       8.24095461E-02       8.51158385E-02       4.94018278E-02
    18.0000       8.24272440E-02       8.50969355E-02       4.94210670E-02
    18.1000       8.24450432E-02       8.50788529E-02       4.94403503E-02
    18.2000       8.24629350E-02       8.50617081E-02       4.94595418E-02
    18.3000       8.24809098E-02       8.50455951E-02       4.94785178E-02
    18.4000       8.24989566E-02       8.50302837E-02       4.94971643E-02
    18.5000       8.25170636E-02       8.50162081E-02       4.95153779E-02
    18.6000       8.25352178E-02       8.50032464E-02       4.95330627E-02
    18.7000       8.25534057E-02       8.49914954E-02       4.95501319E-02
    18.8000       8.25716126E-02       8.49805345E-02       4.95665055E-02
    18.9000       8.25898232E-02       8.49713585E-02       4.95821092E-02
    19.0000       8.26080212E-02       8.49630334E-02       4.95968744E-02
    19.1000       8.26261894E-02       8.49557574E-02       4.96107386E-02
    19.2000       8.26443105E-02       8.49495518E-02       4.96236460E-02
    19.3000       8.26623665E-02       8.49447188E-02       4.96355461E-02
    19.4000       8.26803388E-02       8.49410370E-02       4.96463921E-02
    19.5000       8.26982087E-02       8.49385580E-02       4.96561427E-02
    19.6000       8.27159563E-02       8.49371350E-02       4.96647601E-02
    19.7000       8.27335622E-02       8.49367358E-02       4.96722120E-02
    19.8000       8.27510064E-02       8.49375207E-02       4.96784690E-02
    19.9000       8.27682686E-02       8.49394027E-02       4.96835051E-02
    20.0000       8.27853284E-02       8.49424352E-02       4.96872987E-02
    20.1000       8.28021653E-02       8.49462284E-02       4.96898311E-02
    20.2000       8.28187590E-02       8.49509563E-02       4.96910871E-02
    20.3000       8.28350890E-02       8.49566978E-02       4.96910555E-02
    20.4000       8.28511350E-02       8.49632885E-02       4.96897272E-02
    20.5000       8.28668769E-02       8.49709308E-02       4.96870978E-02
    20.6000       8.28822947E-02       8.49792396E-02       4.96831645E-02
    20.7000       8.28973687E-02       8.49885788E-02       4.96779286E-02
    20.8000       8.29120794E-02       8.49986072E-02       4.96713940E-02
    20.9000       8.29264077E-02       8.50092179E-02       4.96635683E-02
    21.0000       8.29403350E-02       8.50206190E-02       4.96544625E-02
    21.1000       8.29538425E-02       8.50327582E-02       4.96440896E-02
    21.2000       8.29669121E-02       8.50453629E-02       4.96324651E-02
    21.3000       8.29795260E-02       8.50586505E-02       4.96196086E-02
    21.4000       8.29916666E-02       8.50725351E-02       4.96055419E-02
    21.5000       8.30033168E-02       8.50869951E-02       4.95902897E-02
    21.6000       8.30144599E-02       8.51020766E-02       4.95738797E-02
    21.7000       8.30250798E-02       8.51174954E-02       4.95563414E-02
    21.8000       8.30351607E-02       8.51334374E-02       4.95377076E-02
    21.9000       8.30446874E-02       8.51498273E-02       4.95180144E-02
    22.0000       8.30536454E-02       8.51665119E-02       4.94972997E-02
    22.1000       8.30620203E-02       8.51833138E-02       4.94756029E-02
    22.2000       8.30697984E-02       8.52009750E-02       4.94529664E-02
    22.3000       8.30769662E-02       8.52185371E-02       4.94294338E-02
    22.4000       8.30835109E-02       8.52364094E-02       4.94050522E-02
    22.5000       8.30894205E-02       8.52545892E-02       4.93798708E-02
    22.6000       8.30946831E-02       8.52731759E-02       4.93539403E-02
    22.7000       8.30992876E-02       8.52916610E-02       4.93273131E-02
    22.8000       8.31032235E-02       8.53102931E-02       4.93000423E-02
    22.9000       8.31064807E-02       8.53292856E-02       4.92721841E-02
    23.0000       8.31090498E-02       8.53482554E-02       4.92437951E-02
    23.1000       8.31109216E-02       8.53674167E-02       4.92149341E-02
    23.2000       8.31120876E-02       8.53865113E-02       4.91856599E-02
    23.3000       8.31125402E-02       8.54057196E-02       4.91560330E-02
    23.4000       8.31122720E-02       8.54249782E-02       4.91261155E-02
    23.5000       8.31112766E-02       8.54441521E-02       4.90959697E-02
    23.6000       8.31095482E-02       8.54632966E-02       4.90656587E-02
    23.7000       8.31070816E-02       8.54823633E-02       4.90352453E-02
    23.8000       8.31038725E-02       8.55014077E-02       4.90047928E-02
    23.9000       8.30999177E-02       8.55205602E-02       4.89743635E-02
    24.0000       8.30952146E-02       8.55392142E-02       4.89440208E-02
    24.1000       8.30897626E-02       8.55578852E-02       4.89138279E-02
    24.2000       8.30835619E-02       8.55766326E-02       4.88838456E-02
    24.3000       8.30766149E-02       8.55951387E-02       4.88541351E-02
    24.4000       8.30689262E-02       8.56133818E-02       4.88247559E-02
    24.5000       8.30605030E-02       8.56313574E-02       4.87957658E-02
    24.6000       8.30513556E-02       8.56492105E-02       4.87672213E-02
    24.7000       8.30414986E-02       8.56666149E-02       4.87391773E-02
    24.8000       8.30309517E-02       8.56837993E-02       4.87116856E-02
    24.9000       8.30197405E-02       8.57007687E-02       4.86847949E-02
    25.0000       8.30078985E-02       8.57174456E-02       4.86585522E-02
    25.1000       8.29954690E-02       8.57333826E-02       4.86330024E-02
    25.2000       8.29825067E-02       8.57491387E-02       4.86081884E-02
    25.3000       8.29690801E-02       8.57643102E-02       4.85841517E-02
    25.4000       8.29552740E-02       8.57790292E-02       4.85609339E-02
    25.5000       8.29411932E-02       8.57934165E-02       4.85385746E-02
    25.6000       8.29269643E-02       8.58072288E-02       4.85171150E-02
    25.7000       8.29127394E-02       8.58202304E-02       4.84965986E-02
    25.8000       8.28986997E-02       8.58330662E-02       4.84770688E-02
    25.9000       8.28850591E-02       8.58451364E-02       4.84585690E-02
    26.0000       8.28720693E-02       8.58568200E-02       4.84411384E-02
    26.1000       8.28600242E-02       8.58675624E-02       4.84248017E-02
    26.2000       8.28492613E-02       8.58780217E-02       4.84095605E-02
    26.3000       8.28401625E-02       8.58876344E-02       4.83953768E-02
    26.4000       8.28331513E-02       8.58966539E-02       4.83821696E-02
    26.5000       8.28286885E-02       8.59054244E-02       4.83698239E-02
    26.6000       8.28272660E-02       8.59136138E-02       4.83582128E-02
    26.7000       8.28294005E-02       8.59210104E-02       4.83472197E-02
    26.8000       8.28356220E-02       8.59282332E-02       4.83367534E-02
    26.9000       8.28464578E-02       8.59353864E-02       4.83267883E-02
    27.0000       8.28624109E-02       8.59420235E-02       4.83174674E-02
    27.1000       8.28839336E-02       8.59489149E-02       4.83092353E-02
    27.2000       8.29114008E-02       8.59558723E-02       4.83029256E-02
    27.3000       8.29450858E-02       8.59634611E-02       4.82997728E-02
    27.4000       8.29851441E-02       8.59716438E-02       4.83013502E-02
    27.5000       8.30316068E-02       8.59807169E-02       4.83094524E-02
    27.6000       8.30843826E-02       8.59911841E-02       4.83259307E-02
    27.7000       8.31432643E-02       8.60034032E-02       4.83525528E-02
    27.8000       8.32079400E-02       8.60183416E-02       4.83909011E-02
    27.9000       8.32780057E-02       8.60363252E-02       4.84422555E-02
    28.0000       8.33529822E-02       8.60574883E-02       4.85074032E-02
    28.1000       8.34323363E-02       8.60828306E-02       4.85864253E-02
    28.2000       8.35155029E-02       8.61124164E-02       4.86785363E-02
    28.3000       8.36019068E-02       8.61469982E-02       4.87819826E-02
    28.4000       8.36909768E-02       8.61869255E-02       4.88940301E-02
    28.5000       8.37821567E-02       8.62315489E-02       4.90110847E-02
    28.6000       8.38749139E-02       8.62811439E-02       4.91289163E-02
    28.7000       8.39687453E-02       8.63363777E-02       4.92429116E-02
    28.8000       8.40631832E-02       8.63963760E-02       4.93483168E-02
    28.9000       8.41578009E-02       8.64610618E-02       4.94404573E-02
    29.0000       8.42522155E-02       8.65304951E-02       4.95149229E-02
    29.1000       8.43460892E-02       8.66045149E-02       4.95677256E-02
    29.2000       8.44391316E-02       8.66829479E-02       4.95954358E-02
    29.3000       8.45311019E-02       8.67649439E-02       4.95952477E-02
    29.4000       8.46218083E-02       8.68514362E-02       4.95649342E-02
    29.5000       8.47111082E-02       8.69410809E-02       4.95027370E-02
    29.6000       8.47989134E-02       8.70343200E-02       4.94072969E-02
    29.7000       8.48851891E-02       8.71302737E-02       4.92777021E-02
    29.8000       8.49699417E-02       8.72292173E-02       4.91136696E-02
    29.9000       8.50531965E-02       8.73304599E-02       4.89157645E-02
    30.0000       8.51349751E-02       8.74341502E-02       4.86855590E-02
    30.1000       8.52152743E-02       8.75393505E-02       4.84256786E-02
    30.2000       8.52940491E-02       8.76465100E-02       4.81397399E-02
    30.3000       8.53712005E-02       8.77548530E-02       4.78322269E-02
    30.4000       8.54465745E-02       8.78646416E-02       4.75083321E-02
    30.5000       8.55199659E-02       8.79756448E-02       4.71737542E-02
    30.6000       8.55911288E-02       8.80873924E-02       4.68344334E-02
    30.7000       8.56597877E-02       8.81998969E-02       4.64962265E-02
    30.8000       8.57256471E-02       8.83130950E-02       4.61645758E-02
    30.9000       8.57883967E-02       8.84262645E-02       4.58442480E-02
    31.0000       8.58477177E-02       8.85395406E-02       4.55391889E-02
    31.1000       8.59032932E-02       8.86526582E-02       4.52524891E-02
    31.2000       8.59548211E-02       8.87652655E-02       4.49864277E-02
    31.3000       8.60020275E-02       8.88772148E-02       4.47425560E-02
    31.4000       8.60446799E-02       8.89883505E-02       4.45217899E-02
    31.5000       8.60825984E-02       8.90981992E-02       4.43244944E-02
    31.6000       8.61156649E-02       8.92063855E-02       4.41505621E-02
    31.7000       8.61438228E-02       8.93133163E-02       4.39995006E-02
    31.8000       8.61670639E-02       8.94186291E-02       4.38705331E-02
    31.9000       8.61854042E-02       8.95221713E-02       4.37627069E-02
    32.0000       8.61988681E-02       8.96239488E-02       4.36749890E-02
    32.1000       8.62074975E-02       8.97239398E-02       4.36063397E-02
    32.2000       8.62113907E-02       8.98222169E-02       4.35557590E-02
    32.3000       8.62107517E-02       8.99186036E-02       4.35222935E-02
    32.4000       8.62059184E-02       9.00134716E-02       4.35049908E-02
    32.5000       8.61973574E-02       9.01070500E-02       4.35028210E-02
    32.6000       8.61856371E-02       9.01991220E-02       4.35146140E-02
    32.7000       8.61714028E-02       9.02903522E-02       4.35390521E-02
    32.8000       8.61553649E-02       9.03804808E-02       4.35747197E-02
    32.9000       8.61382847E-02       9.04702127E-02       4.36201922E-02
    33.0000       8.61209535E-02       9.05594772E-02       4.36741329E-02
    33.1000       8.61041788E-02       9.06492459E-02       4.37353655E-02
    33.2000       8.60887848E-02       9.07389562E-02       4.38029021E-02
    33.3000       8.60756097E-02       9.08296269E-02       4.38759176E-02
    33.4000       8.60654873E-02       9.09212466E-02       4.39536830E-02
    33.5000       8.60592159E-02       9.10146447E-02       4.40354769E-02
    33.6000       8.60575358E-02       9.11099581E-02       4.41205030E-02
    33.7000       8.60611157E-02       9.12079114E-02       4.42078484E-02
    33.8000       8.60705459E-02       9.13087302E-02       4.42965063E-02
    33.9000       8.60863444E-02       9.14128332E-02       4.43854568E-02
    34.0000       8.61089727E-02       9.15204550E-02       4.44737652E-02
    34.1000       8.61388408E-02       9.16320782E-02       4.45606509E-02
    34.2000       8.61762967E-02       9.17477713E-02       4.46455067E-02
    34.3000       8.62216128E-02       9.18681802E-02       4.47278810E-02
    34.4000       8.62749995E-02       9.19931661E-02       4.48074451E-02
    34.5000       8.63366375E-02       9.21230589E-02       4.48839568E-02
    34.6000       8.64067006E-02       9.22580874E-02       4.49572261E-02
    34.7000       8.64853575E-02       9.23984650E-02       4.50270900E-02
    34.8000       8.65727611E-02       9.25439454E-02       4.50934025E-02
    34.9000       8.66690426E-02       9.26948624E-02       4.51560388E-02
    35.0000       8.67743126E-02       9.28512942E-02       4.52149125E-02
    35.1000       8.68886686E-02       9.30133172E-02       4.52700076E-02
    35.2000       8.70122022E-02       9.31810942E-02       4.53214268E-02
    35.3000       8.71449996E-02       9.33543979E-02       4.53694494E-02
    35.4000       8.72871267E-02       9.35340190E-02       4.54145744E-02
    35.5000       8.74386032E-02       9.37191257E-02       4.54575122E-02
    35.6000       8.75993732E-02       9.39100746E-02       4.54991085E-02
    35.7000       8.77692945E-02       9.41069877E-02       4.55402311E-02
    35.8000       8.79481594E-02       9.43099076E-02       4.55816839E-02
    35.9000       8.81357402E-02       9.45180855E-02       4.56241876E-02
    36.0000       8.83318357E-02       9.47321200E-02       4.56684053E-02
    36.1000       8.85363019E-02       9.49518039E-02       4.57149486E-02
    36.2000       8.87490554E-02       9.51768724E-02       4.57643277E-02
    36.3000       8.89700471E-02       9.54074516E-02       4.58168715E-02
    36.4000       8.91992283E-02       9.56439574E-02       4.58726800E-02
    36.5000       8.94365337E-02       9.58857123E-02       4.59316483E-02
    36.6000       8.96818764E-02       9.61328846E-02       4.59935514E-02
    36.7000       8.99351394E-02       9.63855836E-02       4.60581443E-02
    36.8000       9.01961709E-02       9.66440841E-02       4.61252321E-02
    36.9000       9.04647967E-02       9.69078956E-02       4.61946801E-02
    37.0000       9.07408394E-02       9.71772441E-02       4.62663719E-02
    37.1000       9.10241213E-02       9.74520824E-02       4.63401492E-02
    37.2000       9.13144539E-02       9.77323391E-02       4.64157788E-02
    37.3000       9.16116320E-02       9.80180593E-02       4.64929662E-02
    37.4000       9.19154414E-02       9.83088161E-02       4.65713939E-02
    37.5000       9.22256699E-02       9.86050071E-02       4.66507498E-02
    37.6000       9.25421157E-02       9.89063653E-02       4.67307332E-02
    37.7000       9.28645955E-02       9.92128426E-02       4.68110620E-02
    37.8000       9.31929475E-02       9.95246797E-02       4.68915052E-02
    37.9000       9.35270305E-02       9.98414191E-02       4.69719328E-02
    38.0000       9.38667190E-02       1.00163174E-01       4.70523531E-02
    38.1000       9.42118886E-02       1.00489924E-01       4.71329109E-02
    38.2000       9.45624022E-02       1.00821597E-01       4.72138462E-02
    38.3000       9.49180999E-02       1.01158187E-01       4.72954271E-02
    38.4000       9.52787933E-02       1.01499182E-01       4.73778697E-02
    38.5000       9.56442615E-02       1.01845157E-01       4.74612682E-02
    38.6000       9.60142540E-02       1.02195377E-01       4.75455558E-02
    38.7000       9.63885003E-02       1.02550138E-01       4.76305177E-02
    38.8000       9.67667165E-02       1.02909142E-01       4.77158539E-02
    38.9000       9.71486166E-02       1.03272065E-01       4.78012685E-02
    39.0000       9.75339397E-02       1.03639003E-01       4.78865512E-02
    39.1000       9.79224729E-02       1.04009880E-01       4.79716259E-02
    39.2000       9.83140479E-02       1.04384298E-01       4.80565615E-02
    39.3000       9.87085225E-02       1.04762206E-01       4.81415490E-02
    39.4000       9.91057746E-02       1.05143604E-01       4.82268565E-02
    39.5000       9.95057050E-02       1.05528260E-01       4.83127824E-02
    39.6000       9.99082416E-02       1.05916006E-01       4.83996255E-02
    39.7000       1.00313336E-01       1.06307027E-01       4.84876648E-02
    39.8000       1.00720960E-01       1.06700472E-01       4.85771225E-02
    39.9000       1.01131098E-01       1.07097019E-01       4.86681061E-02
    40.0000       1.01543738E-01       1.07496139E-01       4.87605631E-02
    40.1000       1.01958842E-01       1.07898258E-01       4.88542868E-02
    40.2000       1.02376347E-01       1.08302864E-01       4.89489807E-02
    40.3000       1.02796170E-01       1.08710162E-01       4.90443509E-02
    40.4000       1.03218216E-01       1.09120098E-01       4.91401744E-02
    40.5000       1.03642377E-01       1.09532639E-01       4.92362984E-02
    40.6000       1.04068519E-01       1.09947733E-01       4.93325752E-02
    40.7000       1.04496487E-01       1.10365183E-01       4.94287919E-02
    40.8000       1.04926114E-01       1.10784914E-01       4.95246499E-02
    40.9000       1.05357237E-01       1.11207124E-01       4.96198001E-02
    41.0000       1.05789716E-01       1.11631447E-01       4.97138951E-02
    41.1000       1.06223442E-01       1.12057876E-01       4.98066352E-02
    41.2000       1.06658349E-01       1.12486397E-01       4.98978000E-02
    41.3000       1.07094404E-01       1.12917230E-01       4.99872695E-02
    41.4000       1.07531592E-01       1.13349912E-01       5.00750309E-02
    41.5000       1.07969918E-01       1.13784749E-01       5.01611683E-02
    41.6000       1.08409413E-01       1.14221361E-01       5.02458321E-02
    41.7000       1.08850138E-01       1.14660048E-01       5.03291911E-02
    41.8000       1.09292181E-01       1.15100847E-01       5.04113841E-02
    41.9000       1.09735636E-01       1.15543623E-01       5.04924964E-02
    42.0000       1.10180600E-01       1.15988527E-01       5.05725810E-02
    42.1000       1.10627168E-01       1.16435619E-01       5.06517152E-02
    42.2000       1.11075429E-01       1.16884913E-01       5.07300610E-02
    42.3000       1.11525446E-01       1.17336589E-01       5.08078932E-02
    42.4000       1.11977251E-01       1.17790372E-01       5.08855766E-02
    42.5000       1.12430852E-01       1.18246726E-01       5.09634961E-02
    42.6000       1.12886264E-01       1.18705348E-01       5.10419625E-02
    42.7000       1.13343535E-01       1.19166227E-01       5.11211308E-02
    42.8000       1.13802768E-01       1.19629437E-01       5.12009672E-02
    42.9000       1.14264116E-01       1.20095189E-01       5.12812856E-02
    43.0000       1.14727745E-01       1.20563149E-01       5.13618348E-02
    43.1000       1.15193787E-01       1.21033623E-01       5.14423892E-02
    43.2000       1.15662300E-01       1.21506710E-01       5.15227903E-02
    43.3000       1.16133264E-01       1.21982210E-01       5.16029175E-02
    43.4000       1.16606568E-01       1.22460655E-01       5.16826165E-02
    43.5000       1.17082045E-01       1.22941334E-01       5.17616433E-02
    43.6000       1.17559516E-01       1.23424903E-01       5.18396676E-02
    43.7000       1.18038807E-01       1.23910629E-01       5.19163285E-02
    43.8000       1.18519742E-01       1.24399038E-01       5.19913071E-02
    43.9000       1.19002148E-01       1.24890000E-01       5.20643746E-02
    44.0000       1.19485886E-01       1.25383193E-01       5.21354035E-02
    44.1000       1.19970853E-01       1.25878556E-01       5.22043584E-02
    44.2000       1.20456958E-01       1.26376005E-01       5.22712857E-02
    44.3000       1.20944130E-01       1.26875550E-01       5.23363161E-02
    44.4000       1.21432341E-01       1.27377051E-01       5.23996860E-02
    44.5000       1.21921603E-01       1.27880436E-01       5.24617567E-02
    44.6000       1.22411953E-01       1.28385849E-01       5.25230049E-02
    44.7000       1.22903436E-01       1.28892721E-01       5.25839761E-02
    44.8000       1.23396096E-01       1.29401383E-01       5.26452182E-02
    44.9000       1.23889966E-01       1.29911797E-01       5.27072161E-02
    45.0000       1.24385065E-01       1.30424126E-01       5.27703399E-02
    45.1000       1.24881381E-01       1.30937657E-01       5.28348191E-02
    45.2000       1.25378847E-01       1.31452969E-01       5.29007552E-02
    45.3000       1.25877355E-01       1.31969554E-01       5.29681718E-02
    45.4000       1.26376792E-01       1.32487856E-01       5.30370672E-02
    45.5000       1.26877057E-01       1.33007091E-01       5.31074436E-02
    45.6000       1.27378051E-01       1.33528011E-01       5.31793013E-02
    45.7000       1.27879690E-01       1.34049971E-01       5.32526002E-02
    45.8000       1.28381932E-01       1.34573201E-01       5.33272102E-02
    45.9000       1.28884770E-01       1.35097555E-01       5.34028794E-02
    46.0000       1.29388185E-01       1.35622947E-01       5.34792423E-02
    46.1000       1.29892142E-01       1.36148963E-01       5.35558648E-02
    46.2000       1.30396616E-01       1.36675962E-01       5.36323108E-02
    46.3000       1.30901582E-01       1.37203649E-01       5.37082001E-02
    46.4000       1.31407003E-01       1.37731920E-01       5.37832296E-02
    46.5000       1.31912807E-01       1.38260073E-01       5.38571561E-02
    46.6000       1.32418886E-01       1.38788174E-01       5.39297649E-02
    46.7000       1.32925094E-01       1.39316183E-01       5.40008473E-02
    46.8000       1.33431267E-01       1.39843697E-01       5.40702037E-02
    46.9000       1.33937236E-01       1.40370136E-01       5.41376733E-02
    47.0000       1.34442846E-01       1.40895528E-01       5.42031763E-02
    47.1000       1.34947941E-01       1.41419617E-01       5.42667464E-02
    47.2000       1.35452344E-01       1.41941868E-01       5.43285368E-02
    47.3000       1.35955833E-01       1.42462484E-01       5.43887998E-02
    47.4000       1.36458192E-01       1.42981096E-01       5.44478501E-02
    47.5000       1.36959240E-01       1.43497334E-01       5.45060311E-02
    47.6000       1.37458809E-01       1.44011547E-01       5.45636916E-02
    47.7000       1.37956727E-01       1.44522956E-01       5.46211654E-02
    47.8000       1.38452822E-01       1.45031946E-01       5.46787513E-02
    47.9000       1.38946935E-01       1.45538073E-01       5.47366956E-02
    48.0000       1.39438916E-01       1.46041378E-01       5.47951778E-02
    48.1000       1.39928644E-01       1.46541399E-01       5.48543032E-02
    48.2000       1.40416030E-01       1.47037528E-01       5.49141021E-02
    48.3000       1.40901028E-01       1.47530804E-01       5.49745379E-02
    48.4000       1.41383632E-01       1.48020330E-01       5.50355178E-02
    48.5000       1.41863876E-01       1.48505611E-01       5.50969060E-02
    48.6000       1.42341815E-01       1.48987260E-01       5.51585443E-02
    48.7000       1.42817505E-01       1.49464751E-01       5.52202796E-02
    48.8000       1.43290972E-01       1.49938271E-01       5.52819904E-02
    48.9000       1.43762194E-01       1.50407794E-01       5.53436020E-02
    49.0000       1.44231099E-01       1.50873304E-01       5.54050894E-02
    49.1000       1.44697591E-01       1.51334491E-01       5.54664671E-02
    49.2000       1.45161552E-01       1.51791678E-01       5.55277630E-02
    49.3000       1.45622832E-01       1.52244832E-01       5.55889897E-02
    49.4000       1.46081230E-01       1.52693162E-01       5.56501286E-02
    49.5000       1.46536511E-01       1.53137145E-01       5.57111361E-02
    49.6000       1.46988432E-01       1.53576569E-01       5.57719702E-02
    49.7000       1.47436770E-01       1.54011852E-01       5.58326306E-02
    49.8000       1.47881333E-01       1.54441923E-01       5.58931982E-02
    49.9000       1.48321971E-01       1.54867082E-01       5.59538567E-02
    50.0000       1.48758593E-01       1.55287481E-01       5.60148803E-02
    50.1000       1.49191158E-01       1.55702534E-01       5.60765867E-02
    50.2000       1.49619647E-01       1.56112591E-01       5.61392688E-02
    50.3000       1.50044041E-01       1.56517548E-01       5.62031265E-02
    50.4000       1.50464340E-01       1.56916859E-01       5.62682212E-02
    50.5000       1.50880561E-01       1.57311626E-01       5.63344710E-02
    50.6000       1.51292728E-01       1.57700809E-01       5.64016856E-02
    50.7000       1.51700876E-01       1.58084981E-01       5.64696307E-02
    50.8000       1.52105071E-01       1.58464054E-01       5.65381034E-02
    50.9000       1.52505436E-01       1.58838297E-01       5.66069980E-02
    51.0000       1.52902149E-01       1.59207866E-01       5.66763425E-02
    51.1000       1.53295425E-01       1.59573119E-01       5.67462886E-02
    51.2000       1.53685522E-01       1.59933854E-01       5.68170588E-02
    51.3000       1.54072773E-01       1.60290126E-01       5.68888720E-02
    51.4000       1.54457524E-01       1.60642244E-01       5.69618786E-02
    51.5000       1.54840001E-01       1.60990175E-01       5.70361218E-02
    51.6000       1.55220242E-01       1.61334271E-01       5.71115266E-02
    51.7000       1.55598146E-01       1.61674840E-01       5.71879117E-02
    51.8000       1.55973591E-01       1.62011698E-01       5.72650198E-02
    51.9000       1.56346562E-01       1.62345220E-01       5.73425571E-02
    52.0000       1.56717163E-01       1.62675901E-01       5.74202277E-02
    52.1000       1.57085517E-01       1.63003409E-01       5.74977660E-02
    52.2000       1.57451671E-01       1.63328432E-01       5.75749635E-02
    52.3000       1.57815554E-01       1.63650666E-01       5.76516940E-02
    52.4000       1.58176967E-01       1.63971023E-01       5.77279331E-02
    52.5000       1.58535574E-01       1.64288943E-01       5.78037499E-02
    52.6000       1.58890919E-01       1.64604293E-01       5.78792729E-02
    52.7000       1.59242519E-01       1.64916826E-01       5.79546499E-02
    52.8000       1.59590030E-01       1.65227534E-01       5.80300312E-02
    52.9000       1.59933365E-01       1.65536055E-01       5.81055840E-02
    53.0000       1.60272662E-01       1.65841767E-01       5.81815033E-02
    53.1000       1.60608136E-01       1.66145185E-01       5.82579880E-02
    53.2000       1.60940016E-01       1.66446397E-01       5.83351995E-02
    53.3000       1.61268553E-01       1.66745585E-01       5.84132383E-02
    53.4000       1.61593930E-01       1.67042674E-01       5.84921510E-02
    53.5000       1.61916128E-01       1.67337765E-01       5.85719467E-02
    53.6000       1.62234918E-01       1.67630610E-01       5.86526043E-02
    53.7000       1.62549941E-01       1.67921160E-01       5.87340605E-02
    53.8000       1.62860804E-01       1.68209594E-01       5.88161727E-02
    53.9000       1.63167143E-01       1.68495343E-01       5.88986850E-02
    54.0000       1.63468703E-01       1.68778480E-01       5.89812353E-02
    54.1000       1.63765417E-01       1.69058725E-01       5.90634033E-02
    54.2000       1.64057439E-01       1.69335913E-01       5.91447693E-02
    54.3000       1.64345072E-01       1.69610621E-01       5.92249525E-02
    54.4000       1.64628678E-01       1.69881508E-01       5.93036271E-02
    54.5000       1.64908613E-01       1.70149404E-01       5.93805384E-02
    54.6000       1.65185146E-01       1.70414059E-01       5.94555176E-02
    54.7000       1.65458408E-01       1.70675010E-01       5.95284670E-02
    54.8000       1.65728362E-01       1.70932796E-01       5.95993192E-02
    54.9000       1.65994852E-01       1.71187205E-01       5.96680145E-02
    55.0000       1.66257705E-01       1.71438151E-01       5.97344994E-02
    55.1000       1.66516731E-01       1.71685740E-01       5.97987221E-02
    55.2000       1.66771551E-01       1.71929524E-01       5.98606295E-02
    55.3000       1.67021559E-01       1.72169862E-01       5.99201892E-02
    55.4000       1.67266070E-01       1.72406435E-01       5.99774361E-02
    55.5000       1.67504414E-01       1.72638714E-01       6.00325185E-02
    55.6000       1.67736004E-01       1.72867598E-01       6.00857113E-02
    55.7000       1.67960436E-01       1.73092208E-01       6.01373740E-02
    55.8000       1.68177538E-01       1.73313020E-01       6.01878690E-02
    55.9000       1.68387408E-01       1.73529451E-01       6.02374733E-02
    56.0000       1.68590444E-01       1.73742297E-01       6.02863161E-02
    56.1000       1.68787363E-01       1.73950924E-01       6.03343747E-02
    56.2000       1.68979185E-01       1.74155999E-01       6.03815358E-02
    56.3000       1.69167211E-01       1.74357045E-01       6.04276733E-02
    56.4000       1.69352978E-01       1.74553892E-01       6.04726918E-02
    56.5000       1.69538235E-01       1.74747729E-01       6.05165238E-02
    56.6000       1.69724757E-01       1.74938060E-01       6.05591180E-02
    56.7000       1.69913923E-01       1.75125025E-01       6.06004519E-02
    56.8000       1.70106544E-01       1.75309493E-01       6.06405818E-02
    56.9000       1.70302888E-01       1.75490315E-01       6.06797026E-02
    57.0000       1.70502611E-01       1.75668430E-01       6.07181497E-02
    57.1000       1.70704841E-01       1.75843502E-01       6.07563204E-02
    57.2000       1.70908348E-01       1.76014915E-01       6.07945538E-02
    57.3000       1.71111620E-01       1.76182871E-01       6.08330085E-02
    57.4000       1.71312955E-01       1.76347443E-01       6.08715900E-02
    57.5000       1.71510685E-01       1.76507596E-01       6.09099927E-02
    57.6000       1.71703433E-01       1.76663702E-01       6.09478600E-02
    57.7000       1.71890280E-01       1.76815822E-01       6.09849934E-02
    57.8000       1.72070824E-01       1.76963813E-01       6.10214928E-02
    57.9000       1.72245089E-01       1.77107322E-01       6.10577376E-02
    58.0000       1.72413431E-01       1.77246478E-01       6.10942320E-02
    58.1000       1.72576432E-01       1.77381900E-01       6.11314158E-02
    58.2000       1.72734742E-01       1.77513162E-01       6.11695363E-02
    58.3000       1.72888928E-01       1.77641503E-01       6.12086192E-02
    58.4000       1.73039433E-01       1.77765593E-01       6.12485122E-02
    58.5000       1.73186565E-01       1.77886210E-01       6.12889482E-02
    58.6000       1.73330534E-01       1.78003544E-01       6.13296051E-02
    58.7000       1.73471530E-01       1.78116771E-01       6.13701822E-02
    58.8000       1.73609773E-01       1.78227149E-01       6.14104998E-02
    58.9000       1.73745462E-01       1.78334286E-01       6.14505849E-02
    59.0000       1.73878708E-01       1.78438097E-01       6.14906954E-02
    59.1000       1.74009536E-01       1.78538488E-01       6.15312795E-02
    59.2000       1.74137920E-01       1.78636235E-01       6.15728877E-02
    59.3000       1.74263842E-01       1.78730852E-01       6.16160601E-02
    59.4000       1.74387339E-01       1.78822261E-01       6.16612042E-02
    59.5000       1.74508553E-01       1.78910859E-01       6.17084871E-02
    59.6000       1.74627816E-01       1.78997289E-01       6.17577975E-02
    59.7000       1.74745739E-01       1.79081309E-01       6.18088201E-02
    59.8000       1.74863062E-01       1.79163385E-01       6.18611389E-02
    59.9000       1.74980348E-01       1.79243872E-01       6.19142533E-02
    60.0000       1.75097805E-01       1.79323007E-01       6.19675385E-02
    60.1000       1.75215169E-01       1.79401089E-01       6.20202501E-02
    60.2000       1.75331845E-01       1.79478235E-01       6.20716402E-02
    60.3000       1.75447467E-01       1.79555140E-01       6.21212054E-02
    60.4000       1.75561596E-01       1.79631199E-01       6.21689369E-02
    60.5000       1.75673944E-01       1.79706580E-01       6.22153462E-02
    60.6000       1.75784936E-01       1.79781784E-01       6.22612386E-02
    60.7000       1.75895258E-01       1.79856708E-01       6.23074024E-02
    60.8000       1.76005341E-01       1.79932011E-01       6.23542658E-02
    60.9000       1.76115513E-01       1.80007488E-01       6.24018352E-02
    61.0000       1.76226136E-01       1.80083667E-01       6.24500514E-02
    61.1000       1.76337697E-01       1.80160713E-01       6.24991294E-02
    61.2000       1.76450812E-01       1.80239656E-01       6.25494546E-02
    61.3000       1.76566057E-01       1.80319456E-01       6.26010787E-02
    61.4000       1.76683847E-01       1.80401008E-01       6.26534351E-02
    61.5000       1.76804423E-01       1.80484873E-01       6.27055908E-02
    61.6000       1.76927844E-01       1.80570167E-01       6.27567054E-02
    61.7000       1.77053989E-01       1.80657373E-01       6.28063613E-02
    61.8000       1.77182724E-01       1.80747139E-01       6.28546273E-02
    61.9000       1.77314036E-01       1.80838636E-01       6.29018939E-02
    62.0000       1.77448008E-01       1.80932627E-01       6.29486444E-02
    62.1000       1.77584673E-01       1.81028929E-01       6.29952419E-02
    62.2000       1.77723979E-01       1.81127870E-01       6.30417707E-02
    62.3000       1.77865821E-01       1.81228933E-01       6.30880062E-02
    62.4000       1.78010100E-01       1.81332378E-01       6.31334793E-02
    62.5000       1.78156734E-01       1.81438574E-01       6.31776591E-02
    62.6000       1.78305637E-01       1.81547315E-01       6.32201902E-02
    62.7000       1.78456782E-01       1.81658905E-01       6.32611436E-02
    62.8000       1.78610083E-01       1.81772443E-01       6.33011321E-02
    62.9000       1.78765395E-01       1.81889343E-01       6.33410613E-02
    63.0000       1.78922649E-01       1.82008661E-01       6.33817554E-02
    63.1000       1.79081834E-01       1.82130491E-01       6.34237732E-02
    63.2000       1.79242857E-01       1.82255302E-01       6.34673837E-02
    63.3000       1.79405556E-01       1.82382823E-01       6.35125670E-02
    63.4000       1.79569794E-01       1.82512713E-01       6.35589969E-02
    63.5000       1.79735449E-01       1.82645738E-01       6.36060579E-02
    63.6000       1.79902400E-01       1.82780975E-01       6.36529741E-02
    63.7000       1.80070542E-01       1.82918754E-01       6.36990207E-02
    63.8000       1.80239808E-01       1.83059072E-01       6.37437233E-02
    63.9000       1.80410169E-01       1.83201824E-01       6.37869660E-02
    64.0000       1.80581596E-01       1.83346635E-01       6.38289725E-02
    64.1000       1.80754053E-01       1.83493579E-01       6.38701812E-02
    64.2000       1.80927519E-01       1.83642520E-01       6.39110752E-02
    64.3000       1.81102034E-01       1.83793067E-01       6.39520370E-02
    64.4000       1.81277776E-01       1.83945013E-01       6.39932774E-02
    64.5000       1.81455092E-01       1.84098921E-01       6.40348381E-02
    64.6000       1.81634424E-01       1.84253781E-01       6.40766381E-02
    64.7000       1.81816098E-01       1.84410353E-01       6.41185368E-02
    64.8000       1.82000108E-01       1.84567862E-01       6.41603986E-02
    64.9000       1.82186026E-01       1.84726983E-01       6.42021364E-02
    65.0000       1.82373121E-01       1.84886185E-01       6.42437111E-02
    65.1000       1.82560522E-01       1.85046817E-01       6.42850906E-02
    65.2000       1.82747385E-01       1.85207358E-01       6.43262057E-02
    65.3000       1.82933075E-01       1.85368150E-01       6.43669321E-02
    65.4000       1.83117286E-01       1.85529020E-01       6.44071067E-02
    65.5000       1.83300048E-01       1.85689508E-01       6.44465750E-02
    65.6000       1.83481600E-01       1.85849913E-01       6.44852413E-02
    65.7000       1.83662194E-01       1.86009512E-01       6.45230695E-02
    65.8000       1.83841946E-01       1.86168328E-01       6.45600229E-02
    65.9000       1.84020862E-01       1.86326107E-01       6.45959994E-02
    66.0000       1.84198976E-01       1.86483283E-01       6.46308325E-02
    66.1000       1.84376365E-01       1.86638822E-01       6.46643859E-02
    66.2000       1.84553170E-01       1.86792984E-01       6.46966952E-02
    66.3000       1.84729725E-01       1.86945792E-01       6.47280136E-02
    66.4000       1.84906400E-01       1.87097164E-01       6.47586810E-02
    66.5000       1.85083200E-01       1.87247025E-01       6.47889593E-02
    66.6000       1.85259640E-01       1.87395613E-01       6.48189572E-02
    66.7000       1.85434997E-01       1.87542515E-01       6.48486586E-02
    66.8000       1.85608609E-01       1.87687458E-01       6.48780344E-02
    66.9000       1.85780053E-01       1.87830798E-01       6.49071278E-02
    67.0000       1.85949172E-01       1.87972265E-01       6.49360305E-02
    67.1000       1.86115889E-01       1.88112212E-01       6.49648125E-02
    67.2000       1.86280001E-01       1.88250105E-01       6.49934862E-02
    67.3000       1.86441207E-01       1.88385899E-01       6.50220281E-02
    67.4000       1.86599276E-01       1.88519970E-01       6.50504281E-02
    67.5000       1.86754100E-01       1.88652217E-01       6.50787274E-02
    67.6000       1.86905727E-01       1.88782733E-01       6.51070416E-02
    67.7000       1.87054407E-01       1.88910789E-01       6.51355787E-02
    67.8000       1.87200578E-01       1.89037009E-01       6.51646136E-02
    67.9000       1.87344771E-01       1.89161609E-01       6.51944142E-02
    68.0000       1.87487497E-01       1.89284543E-01       6.52251607E-02
    68.1000       1.87629149E-01       1.89405297E-01       6.52568877E-02
    68.2000       1.87769889E-01       1.89524693E-01       6.52894664E-02
    68.3000       1.87909540E-01       1.89642271E-01       6.53226496E-02
    68.4000       1.88047646E-01       1.89758165E-01       6.53561501E-02
    68.5000       1.88183705E-01       1.89872152E-01       6.53897029E-02
    68.6000       1.88317357E-01       1.89984724E-01       6.54231047E-02
    68.7000       1.88448406E-01       1.90095049E-01       6.54562261E-02
    68.8000       1.88576760E-01       1.90204273E-01       6.54889912E-02
    68.9000       1.88702409E-01       1.90311456E-01       6.55213533E-02
    69.0000       1.88825423E-01       1.90416994E-01       6.55532921E-02
    69.1000       1.88945936E-01       1.90520745E-01       6.55848292E-02
    69.2000       1.89064104E-01       1.90622925E-01       6.56160385E-02
    69.3000       1.89180086E-01       1.90723391E-01       6.56470426E-02
    69.4000       1.89294024E-01       1.90822421E-01       6.56779976E-02
    69.5000       1.89406024E-01       1.90919598E-01       6.57090689E-02
    69.6000       1.89516131E-01       1.91015653E-01       6.57404032E-02
    69.7000       1.89624331E-01       1.91109836E-01       6.57721082E-02
    69.8000       1.89730596E-01       1.91203034E-01       6.58042471E-02
    69.9000       1.89834920E-01       1.91294265E-01       6.58368380E-02
    70.0000       1.89937313E-01       1.91384517E-01       6.58698500E-02
    70.1000       1.90037778E-01       1.91473399E-01       6.59032047E-02
    70.2000       1.90136297E-01       1.91561031E-01       6.59367898E-02
    70.3000       1.90232826E-01       1.91647608E-01       6.59704781E-02
    70.4000       1.90327320E-01       1.91733036E-01       6.60041369E-02
    70.5000       1.90419783E-01       1.91816965E-01       6.60376371E-02
    70.6000       1.90510314E-01       1.91899975E-01       6.60708707E-02
    70.7000       1.90599216E-01       1.91981931E-01       6.61037742E-02
    70.8000       1.90687132E-01       1.92063312E-01       6.61363447E-02
    70.9000       1.90774895E-01       1.92143787E-01       6.61686425E-02
    71.0000       1.90863110E-01       1.92223395E-01       6.62007723E-02
    71.1000       1.90951924E-01       1.92302736E-01       6.62328519E-02
    71.2000       1.91041125E-01       1.92381898E-01       6.62649815E-02
    71.3000       1.91130412E-01       1.92460481E-01       6.62972109E-02
    71.4000       1.91219488E-01       1.92538768E-01       6.63295089E-02
    71.5000       1.91308074E-01       1.92616764E-01       6.63617585E-02
    71.6000       1.91396204E-01       1.92694415E-01       6.63937867E-02
    71.7000       1.91484298E-01       1.92771832E-01       6.64254476E-02
    71.8000       1.91572819E-01       1.92849512E-01       6.64567069E-02
    71.9000       1.91662106E-01       1.92926956E-01       6.64876376E-02
    72.0000       1.91752386E-01       1.93004572E-01       6.65183725E-02
    72.1000       1.91843749E-01       1.93082329E-01       6.65490626E-02
    72.2000       1.91936088E-01       1.93160654E-01       6.65798268E-02
    72.3000       1.92029070E-01       1.93239156E-01       6.66107137E-02
    72.4000       1.92122296E-01       1.93318275E-01       6.66416936E-02
    72.5000       1.92215496E-01       1.93397784E-01       6.66726833E-02
    72.6000       1.92308528E-01       1.93478092E-01       6.67035927E-02
    72.7000       1.92401287E-01       1.93558718E-01       6.67343707E-02
    72.8000       1.92493671E-01       1.93640123E-01       6.67650201E-02
    72.9000       1.92585603E-01       1.93722393E-01       6.67955699E-02
    73.0000       1.92677069E-01       1.93805344E-01       6.68260306E-02
    73.1000       1.92768131E-01       1.93889050E-01       6.68563644E-02
    73.2000       1.92858910E-01       1.93973636E-01       6.68864728E-02
    73.3000       1.92949552E-01       1.94059611E-01       6.69161976E-02
    73.4000       1.93040186E-01       1.94146409E-01       6.69453433E-02
    73.5000       1.93130909E-01       1.94234546E-01       6.69737136E-02
    73.6000       1.93221789E-01       1.94323863E-01       6.70011514E-02
    73.7000       1.93312883E-01       1.94414355E-01       6.70275635E-02
    73.8000       1.93404272E-01       1.94506360E-01       6.70529242E-02
    73.9000       1.93496064E-01       1.94599690E-01       6.70772655E-02
    74.0000       1.93588395E-01       1.94694422E-01       6.71006663E-02
    74.1000       1.93681407E-01       1.94790674E-01       6.71232463E-02
    74.2000       1.93775230E-01       1.94888434E-01       6.71451621E-02
    74.3000       1.93869971E-01       1.94987722E-01       6.71665988E-02
    74.4000       1.93965712E-01       1.95088659E-01       6.71877585E-02
    74.5000       1.94062532E-01       1.95190968E-01       6.72088495E-02
    74.6000       1.94160530E-01       1.95294977E-01       6.72300852E-02
    74.7000       1.94259851E-01       1.95400513E-01       6.72516930E-02
    74.8000       1.94360728E-01       1.95507464E-01       6.72739246E-02
    74.9000       1.94463528E-01       1.95616141E-01       6.72970477E-02
    75.0000       1.94568726E-01       1.95726451E-01       6.73212992E-02
    75.1000       1.94676747E-01       1.95838377E-01       6.73468153E-02
    75.2000       1.94787808E-01       1.95952119E-01       6.73735866E-02
    75.3000       1.94901860E-01       1.96067535E-01       6.74014577E-02
    75.4000       1.95018694E-01       1.96184576E-01       6.74301727E-02
    75.5000       1.95138075E-01       1.96303630E-01       6.74594617E-02
    75.6000       1.95259676E-01       1.96424283E-01       6.74891322E-02
    75.7000       1.95382970E-01       1.96546788E-01       6.75191240E-02
    75.8000       1.95507342E-01       1.96671081E-01       6.75494695E-02
    75.9000       1.95632379E-01       1.96797250E-01       6.75801739E-02
    76.0000       1.95758105E-01       1.96924523E-01       6.76111509E-02
    76.1000       1.95885163E-01       1.97053589E-01       6.76422386E-02
    76.2000       1.96014654E-01       1.97184092E-01       6.76732340E-02
    76.3000       1.96147462E-01       1.97316176E-01       6.77039492E-02
    76.4000       1.96283711E-01       1.97449541E-01       6.77343065E-02
    76.5000       1.96422923E-01       1.97584198E-01       6.77643953E-02
    76.6000       1.96564355E-01       1.97719816E-01       6.77944254E-02
    76.7000       1.96707154E-01       1.97856582E-01       6.78245914E-02
    76.8000       1.96850515E-01       1.97994418E-01       6.78549432E-02
    76.9000       1.96993820E-01       1.98132968E-01       6.78853416E-02
    77.0000       1.97136681E-01       1.98272172E-01       6.79155037E-02
    77.1000       1.97278976E-01       1.98411952E-01       6.79451090E-02
    77.2000       1.97420837E-01       1.98552170E-01       6.79739082E-02
    77.3000       1.97562562E-01       1.98692945E-01       6.80017930E-02
    77.4000       1.97704468E-01       1.98834297E-01       6.80288325E-02
    77.5000       1.97846812E-01       1.98976152E-01       6.80552818E-02
    77.6000       1.97989782E-01       1.99118407E-01       6.80815416E-02
    77.7000       1.98133494E-01       1.99261444E-01       6.81080846E-02
    77.8000       1.98277992E-01       1.99404520E-01       6.81353897E-02
    77.9000       1.98423267E-01       1.99548243E-01       6.81638673E-02
    78.0000       1.98569294E-01       1.99692452E-01       6.81937796E-02
    78.1000       1.98716027E-01       1.99837014E-01       6.82252157E-02
    78.2000       1.98863396E-01       1.99981550E-01       6.82581219E-02
    78.3000       1.99011330E-01       2.00126462E-01       6.82923286E-02
    78.4000       1.99159771E-01       2.00271651E-01       6.83275758E-02
    78.5000       1.99308672E-01       2.00416691E-01       6.83635681E-02
    78.6000       1.99457995E-01       2.00562130E-01       6.84000468E-02
    78.7000       1.99607705E-01       2.00707394E-01       6.84368430E-02
    78.8000       1.99757772E-01       2.00852994E-01       6.84738992E-02
    78.9000       1.99908148E-01       2.00998543E-01       6.85112634E-02
    79.0000       2.00058747E-01       2.01144038E-01       6.85490564E-02
    79.1000       2.00209436E-01       2.01289635E-01       6.85874223E-02
    79.2000       2.00360046E-01       2.01435089E-01       6.86264793E-02
    79.3000       2.00510399E-01       2.01580436E-01       6.86662821E-02
    79.4000       2.00660348E-01       2.01725621E-01       6.87068025E-02
    79.5000       2.00809802E-01       2.01870335E-01       6.87479313E-02
    79.6000       2.00958730E-01       2.02014918E-01       6.87894975E-02
    79.7000       2.01107148E-01       2.02159165E-01       6.88312980E-02
    79.8000       2.01255099E-01       2.02302719E-01       6.88731296E-02
    79.9000       2.01402646E-01       2.02446037E-01       6.89148155E-02
    80.0000       2.01549854E-01       2.02588696E-01       6.89562234E-02
    80.1000       2.01696784E-01       2.02730619E-01       6.89972748E-02
    80.2000       2.01843472E-01       2.02872117E-01       6.90379474E-02
    80.3000       2.01989918E-01       2.03013086E-01       6.90782727E-02
    80.4000       2.02136085E-01       2.03153395E-01       6.91183290E-02
    80.5000       2.02281907E-01       2.03293226E-01       6.91582308E-02
    80.6000       2.02427308E-01       2.03432115E-01       6.91981160E-02
    80.7000       2.02572217E-01       2.03570341E-01       6.92381311E-02
    80.8000       2.02716570E-01       2.03708275E-01       6.92784154E-02
    80.9000       2.02860322E-01       2.03845019E-01       6.93190864E-02
    81.0000       2.03003437E-01       2.03981125E-01       6.93602268E-02
    81.1000       2.03145889E-01       2.04116857E-01       6.94018772E-02
    81.2000       2.03287665E-01       2.04251526E-01       6.94440344E-02
    81.3000       2.03428763E-01       2.04385754E-01       6.94866558E-02
    81.4000       2.03569190E-01       2.04519530E-01       6.95296685E-02
    81.5000       2.03708964E-01       2.04652746E-01       6.95729860E-02
    81.6000       2.03848116E-01       2.04785107E-01       6.96165281E-02
    81.7000       2.03986685E-01       2.04917187E-01       6.96602410E-02
    81.8000       2.04124715E-01       2.05048620E-01       6.97041156E-02
    81.9000       2.04262247E-01       2.05179833E-01       6.97481993E-02
    82.0000       2.04399312E-01       2.05310364E-01       6.97925993E-02
    82.1000       2.04535935E-01       2.05440693E-01       6.98374777E-02
    82.2000       2.04672132E-01       2.05570530E-01       6.98830389E-02
    82.3000       2.04807917E-01       2.05700329E-01       6.99295102E-02
    82.4000       2.04943302E-01       2.05829439E-01       6.99771200E-02
    82.5000       2.05078297E-01       2.05958271E-01       7.00260724E-02
    82.6000       2.05212909E-01       2.06086965E-01       7.00765236E-02
    82.7000       2.05347146E-01       2.06215261E-01       7.01285623E-02
    82.8000       2.05481017E-01       2.06343522E-01       7.01821971E-02
    82.9000       2.05614547E-01       2.06471541E-01       7.02373554E-02
    83.0000       2.05747790E-01       2.06599431E-01       7.02938935E-02
    83.1000       2.05880832E-01       2.06727155E-01       7.03516149E-02
    83.2000       2.06013786E-01       2.06854712E-01       7.04102907E-02
    83.3000       2.06146760E-01       2.06982447E-01       7.04696755E-02
    83.4000       2.06279836E-01       2.07110192E-01       7.05295127E-02
    83.5000       2.06413061E-01       2.07238214E-01       7.05895303E-02
    83.6000       2.06546443E-01       2.07366256E-01       7.06494303E-02
    83.7000       2.06679967E-01       2.07494547E-01       7.07088789E-02
    83.8000       2.06813615E-01       2.07623330E-01       7.07675105E-02
    83.9000       2.06947379E-01       2.07752583E-01       7.08249446E-02
    84.0000       2.07081282E-01       2.07882102E-01       7.08808167E-02
    84.1000       2.07215378E-01       2.08012462E-01       7.09348059E-02
    84.2000       2.07349747E-01       2.08143119E-01       7.09866534E-02
    84.3000       2.07484480E-01       2.08274852E-01       7.10361665E-02
    84.4000       2.07619672E-01       2.08407020E-01       7.10832165E-02
    84.5000       2.07755412E-01       2.08540252E-01       7.11277360E-02
    84.6000       2.07891777E-01       2.08673779E-01       7.11697220E-02
    84.7000       2.08028836E-01       2.08808797E-01       7.12092398E-02
    84.8000       2.08166650E-01       2.08944218E-01       7.12464223E-02
    84.9000       2.08305274E-01       2.09080658E-01       7.12814625E-02
    85.0000       2.08444763E-01       2.09218070E-01       7.13146006E-02
    85.1000       2.08585172E-01       2.09356511E-01       7.13461066E-02
    85.2000       2.08726559E-01       2.09495612E-01       7.13762583E-02
    85.3000       2.08868977E-01       2.09635781E-01       7.14053196E-02
    85.4000       2.09012482E-01       2.09776939E-01       7.14335211E-02
    85.5000       2.09157114E-01       2.09918904E-01       7.14610470E-02
    85.6000       2.09302894E-01       2.10061910E-01       7.14880298E-02
    85.7000       2.09449823E-01       2.10206092E-01       7.15145540E-02
    85.8000       2.09597874E-01       2.10350976E-01       7.15406671E-02
    85.9000       2.09746999E-01       2.10496684E-01       7.15663921E-02
    86.0000       2.09897129E-01       2.10643476E-01       7.15917408E-02
    86.1000       2.10048191E-01       2.10791171E-01       7.16167267E-02
    86.2000       2.10200111E-01       2.10939552E-01       7.16413724E-02
    86.3000       2.10352827E-01       2.11088902E-01       7.16657112E-02
    86.4000       2.10506284E-01       2.11238917E-01       7.16897812E-02
    86.5000       2.10660444E-01       2.11389513E-01       7.17136162E-02
    86.6000       2.10815287E-01       2.11541002E-01       7.17372381E-02
    86.7000       2.10970815E-01       2.11693164E-01       7.17606533E-02
    86.8000       2.11127051E-01       2.11846163E-01       7.17838523E-02
    86.9000       2.11284035E-01       2.11999726E-01       7.18068096E-02
    87.0000       2.11441815E-01       2.12153780E-01       7.18294825E-02
    87.1000       2.11600442E-01       2.12308771E-01       7.18518099E-02
    87.2000       2.11759965E-01       2.12464281E-01       7.18737111E-02
    87.3000       2.11920423E-01       2.12620683E-01       7.18950863E-02
    87.4000       2.12081846E-01       2.12777497E-01       7.19158179E-02
    87.5000       2.12244251E-01       2.12935312E-01       7.19357714E-02
    87.6000       2.12407643E-01       2.13093815E-01       7.19548001E-02
    87.7000       2.12572014E-01       2.13252708E-01       7.19727553E-02
    87.8000       2.12737342E-01       2.13412645E-01       7.19895029E-02
    87.9000       2.12903594E-01       2.13573211E-01       7.20049458E-02
    88.0000       2.13070727E-01       2.13734352E-01       7.20190457E-02
    88.1000       2.13238686E-01       2.13896327E-01       7.20318382E-02
    88.2000       2.13407410E-01       2.14058681E-01       7.20434347E-02
    88.3000       2.13576829E-01       2.14221821E-01       7.20540091E-02
    88.4000       2.13746866E-01       2.14385385E-01       7.20637728E-02
    88.5000       2.13917440E-01       2.14549568E-01       7.20729468E-02
    88.6000       2.14088467E-01       2.14714060E-01       7.20817379E-02
    88.7000       2.14259857E-01       2.14878753E-01       7.20903298E-02
    88.8000       2.14431522E-01       2.15044029E-01       7.20988884E-02
    88.9000       2.14603372E-01       2.15209926E-01       7.21075742E-02
    89.0000       2.14775323E-01       2.15375898E-01       7.21165484E-02
    89.1000       2.14947294E-01       2.15542172E-01       7.21259682E-02
    89.2000       2.15119209E-01       2.15709122E-01       7.21359681E-02
    89.3000       2.15291002E-01       2.15876040E-01       7.21466356E-02
    89.4000       2.15462617E-01       2.16043494E-01       7.21579917E-02
    89.5000       2.15634006E-01       2.16211270E-01       7.21699864E-02
    89.6000       2.15805137E-01       2.16379398E-01       7.21825080E-02
    89.7000       2.15975990E-01       2.16547857E-01       7.21954045E-02
    89.8000       2.16146558E-01       2.16716938E-01       7.22085107E-02
    89.9000       2.16316847E-01       2.16886102E-01       7.22216744E-02
    90.0000       2.16486870E-01       2.17055692E-01       7.22347747E-02
    90.1000       2.16656648E-01       2.17226075E-01       7.22477286E-02
    90.2000       2.16826203E-01       2.17396834E-01       7.22604841E-02
    90.3000       2.16995557E-01       2.17567880E-01       7.22730063E-02
    90.4000       2.17164739E-01       2.17739466E-01       7.22852637E-02
    90.5000       2.17333779E-01       2.17911436E-01       7.22972210E-02
    90.6000       2.17502717E-01       2.18084233E-01       7.23088380E-02
    90.7000       2.17671603E-01       2.18257265E-01       7.23200670E-02
    90.8000       2.17840496E-01       2.18430824E-01       7.23308488E-02
    90.9000       2.18009474E-01       2.18604753E-01       7.23411181E-02
    91.0000       2.18178630E-01       2.18779326E-01       7.23508246E-02
    91.1000       2.18348068E-01       2.18954300E-01       7.23599595E-02
    91.2000       2.18517899E-01       2.19129969E-01       7.23685693E-02
    91.3000       2.18688238E-01       2.19306373E-01       7.23767548E-02
    91.4000       2.18859195E-01       2.19483416E-01       7.23846581E-02
    91.5000       2.19030851E-01       2.19661069E-01       7.23924394E-02
    91.6000       2.19203252E-01       2.19839317E-01       7.24002416E-02
    91.7000       2.19376401E-01       2.20018449E-01       7.24081530E-02
    91.8000       2.19550263E-01       2.20197874E-01       7.24161757E-02
    91.9000       2.19724780E-01       2.20378400E-01       7.24242125E-02
    92.0000       2.19899875E-01       2.20559791E-01       7.24320730E-02
    92.1000       2.20075480E-01       2.20741557E-01       7.24394975E-02
    92.2000       2.20251543E-01       2.20924404E-01       7.24461950E-02
    92.3000       2.20428035E-01       2.21107604E-01       7.24518860E-02
    92.4000       2.20604946E-01       2.21291819E-01       7.24563353E-02
    92.5000       2.20782277E-01       2.21476641E-01       7.24593700E-02
    92.6000       2.20960041E-01       2.21662237E-01       7.24608818E-02
    92.7000       2.21138245E-01       2.21848415E-01       7.24608242E-02
    92.8000       2.21316894E-01       2.22035579E-01       7.24592102E-02
    92.9000       2.21495982E-01       2.22223394E-01       7.24561135E-02
    93.0000       2.21675497E-01       2.22412294E-01       7.24516679E-02
    93.1000       2.21855426E-01       2.22601702E-01       7.24460609E-02
    93.2000       2.22035764E-01       2.22791759E-01       7.24395184E-02
    93.3000       2.22216520E-01       2.22982945E-01       7.24322855E-02
    93.4000       2.22397724E-01       2.23174735E-01       7.24246090E-02
    93.5000       2.22579428E-01       2.23367435E-01       7.24167219E-02
    93.6000       2.22761709E-01       2.23560988E-01       7.24088309E-02
    93.7000       2.22944665E-01       2.23755101E-01       7.24011035E-02
    93.8000       2.23128417E-01       2.23950027E-01       7.23936574E-02
    93.9000       2.23313098E-01       2.24145744E-01       7.23865517E-02
    94.0000       2.23498839E-01       2.24342666E-01       7.23797838E-02
    94.1000       2.23685755E-01       2.24540061E-01       7.23732921E-02
    94.2000       2.23873913E-01       2.24737911E-01       7.23669664E-02
    94.3000       2.24063327E-01       2.24936838E-01       7.23606650E-02
    94.4000       2.24253960E-01       2.25136424E-01       7.23542386E-02
    94.5000       2.24445749E-01       2.25336863E-01       7.23475498E-02
    94.6000       2.24638609E-01       2.25538040E-01       7.23404863E-02
    94.7000       2.24832464E-01       2.25740024E-01       7.23329817E-02
    94.8000       2.25027291E-01       2.25942527E-01       7.23250347E-02
    94.9000       2.25223155E-01       2.26146362E-01       7.23166987E-02
    95.0000       2.25420177E-01       2.26350965E-01       7.23080972E-02
    95.1000       2.25618493E-01       2.26556607E-01       7.22995277E-02
    95.2000       2.25818221E-01       2.26763156E-01       7.22915021E-02
    95.3000       2.26019469E-01       2.26970580E-01       7.22846145E-02
    95.4000       2.26222300E-01       2.27179113E-01       7.22793372E-02
    95.5000       2.26426652E-01       2.27388876E-01       7.22758432E-02
    95.6000       2.26632317E-01       2.27599526E-01       7.22739110E-02
    95.7000       2.26839015E-01       2.27811220E-01       7.22729653E-02
    95.8000       2.27046473E-01       2.28023737E-01       7.22722930E-02
    95.9000       2.27254419E-01       2.28236717E-01       7.22713040E-02
    96.0000       2.27462578E-01       2.28450403E-01       7.22696335E-02
    96.1000       2.27670726E-01       2.28664648E-01       7.22670875E-02
    96.2000       2.27878733E-01       2.28879405E-01       7.22635885E-02
    96.3000       2.28086547E-01       2.29094524E-01       7.22592520E-02
    96.4000       2.28294118E-01       2.29310095E-01       7.22545109E-02
    96.5000       2.28501371E-01       2.29525870E-01       7.22500933E-02
    96.6000       2.28708240E-01       2.29742232E-01       7.22467600E-02
    96.7000       2.28914672E-01       2.29958292E-01       7.22449199E-02
    96.8000       2.29120595E-01       2.30174352E-01       7.22443885E-02
    96.9000       2.29325895E-01       2.30390894E-01       7.22444643E-02
    97.0000       2.29530431E-01       2.30606979E-01       7.22442675E-02
    97.1000       2.29734099E-01       2.30823204E-01       7.22431167E-02
    97.2000       2.29936899E-01       2.31039230E-01       7.22407374E-02
    97.3000       2.30138926E-01       2.31254418E-01       7.22372431E-02
    97.4000       2.30340316E-01       2.31469896E-01       7.22329705E-02
    97.5000       2.30541200E-01       2.31685257E-01       7.22283043E-02
    97.6000       2.30741692E-01       2.31900312E-01       7.22235801E-02
    97.7000       2.30941885E-01       2.32115098E-01       7.22190750E-02
    97.8000       2.31141860E-01       2.32329729E-01       7.22150318E-02
    97.9000       2.31341681E-01       2.32544636E-01       7.22116620E-02
    98.0000       2.31541395E-01       2.32759139E-01       7.22091093E-02
    98.1000       2.31741032E-01       2.32973231E-01       7.22073972E-02
    98.2000       2.31940613E-01       2.33187988E-01       7.22063962E-02
    98.3000       2.32140146E-01       2.33402608E-01       7.22058271E-02
    98.4000       2.32339633E-01       2.33616908E-01       7.22053031E-02
    98.5000       2.32539068E-01       2.33831381E-01       7.22043885E-02
    98.6000       2.32738444E-01       2.34045924E-01       7.22026558E-02
    98.7000       2.32937746E-01       2.34260109E-01       7.21997231E-02
    98.8000       2.33136961E-01       2.34474691E-01       7.21952738E-02
    98.9000       2.33336078E-01       2.34688638E-01       7.21890616E-02
    99.0000       2.33535094E-01       2.34902528E-01       7.21809083E-02
    99.1000       2.33734014E-01       2.35116704E-01       7.21707022E-02
    99.2000       2.33932849E-01       2.35330620E-01       7.21584074E-02
    99.3000       2.34131613E-01       2.35544265E-01       7.21440837E-02
    99.4000       2.34330327E-01       2.35757869E-01       7.21279088E-02
    99.5000       2.34529011E-01       2.35971358E-01       7.21101888E-02
    99.6000       2.34727673E-01       2.36184681E-01       7.20913434E-02
    99.7000       2.34926306E-01       2.36397941E-01       7.20718609E-02
    99.8000       2.35124885E-01       2.36611162E-01       7.20522255E-02
    99.9000       2.35323369E-01       2.36824375E-01       7.20328384E-02
   100.0000       2.35521705E-01       2.37037321E-01       7.20139645E-02
