     0.1000       2.59269874E-09       5.42179176E-09       2.58961984E-09       2.59883735E-09
     0.2000       1.53207809E-09       3.31372802E-09       1.53475203E-09       1.56010362E-09
     0.3000       1.02662099E-09       2.23889804E-09       1.02989906E-09       1.04558306E-09
     0.4000       7.51114047E-10       1.63496129E-09       7.53015618E-10       7.58557180E-10
     0.5000       5.83988765E-10       1.26558877E-09       5.83683058E-10       5.82355569E-10
     0.6000       4.74461129E-10       1.02374619E-09       4.71586696E-10       4.66131664E-10
     0.7000       3.98725905E-10       8.56933962E-10       3.93135219E-10       3.85376147E-10
     0.8000       3.44376008E-10       7.37300937E-10       3.36026212E-10       3.27125958E-10
     0.9000       3.04348125E-10       6.48978377E-10       2.93247894E-10       2.83955132E-10
     1.0000       2.74333952E-10       5.82354606E-10       2.60515066E-10       2.51323541E-10
     1.1000       2.51563592E-10       5.31307038E-10       2.35065016E-10       2.26308646E-10
     1.2000       2.34182730E-10       4.91772963E-10       2.15041706E-10       2.06951400E-10
     1.3000       2.20909814E-10       4.60965382E-10       1.99157161E-10       1.91895662E-10
     1.4000       2.10835929E-10       4.36919187E-10       1.86493930E-10       1.80177871E-10
     1.5000       2.03302331E-10       4.18216319E-10       1.76384200E-10       1.71098449E-10
     1.6000       1.97822618E-10       4.03812857E-10       1.68332930E-10       1.64140093E-10
     1.7000       1.94031700E-10       3.92926731E-10       1.61967376E-10       1.58914175E-10
     1.8000       1.91651486E-10       3.84962793E-10       1.57003075E-10       1.55124628E-10
     1.9000       1.90467274E-10       3.79461666E-10       1.53220375E-10       1.52543058E-10
     2.0000       1.90311213E-10       3.76064111E-10       1.50447935E-10       1.50991265E-10
     2.1000       1.91050507E-10       3.74485752E-10       1.48550915E-10       1.50328741E-10
     2.2000       1.92578887E-10       3.74498867E-10       1.47422396E-10       1.50443604E-10
     2.3000       1.94810349E-10       3.75919087E-10       1.46977051E-10       1.51245934E-10
     2.4000       1.97674511E-10       3.78595531E-10       1.47146428E-10       1.52662808E-10
     2.5000       2.01113124E-10       3.82403430E-10       1.47875391E-10       1.54634572E-10
     2.6000       2.05077431E-10       3.87238526E-10       1.49119400E-10       1.57111999E-10
     2.7000       2.09526139E-10       3.93012800E-10       1.50842424E-10       1.60054118E-10
     2.8000       2.14423863E-10       3.99651162E-10       1.53015313E-10       1.63426532E-10
     2.9000       2.19739910E-10       4.07088889E-10       1.55614527E-10       1.67200105E-10
     3.0000       2.25447325E-10       4.15269603E-10       1.58621133E-10       1.71349940E-10
     3.1000       2.31522150E-10       4.24143686E-10       1.62020005E-10       1.75854565E-10
     3.2000       2.37942826E-10       4.33667022E-10       1.65799219E-10       1.80695299E-10
     3.3000       2.44689773E-10       4.43802523E-10       1.69959081E-10       1.85859328E-10
     3.4000       2.51745256E-10       4.54539234E-10       1.74532646E-10       1.91351448E-10
     3.5000       2.59092849E-10       4.65878857E-10       1.79541258E-10       1.97175080E-10
     3.6000       2.66716952E-10       4.77805797E-10       1.84993596E-10       2.03323951E-10
     3.7000       2.74602773E-10       4.90304181E-10       1.90900025E-10       2.09792353E-10
     3.8000       2.82736195E-10       5.03360759E-10       1.97272887E-10       2.16576141E-10
     3.9000       2.91103651E-10       5.16964724E-10       2.04126493E-10       2.23672619E-10
     4.0000       2.99692054E-10       5.31112081E-10       2.11477350E-10       2.31081702E-10
     4.1000       3.08488850E-10       5.45821806E-10       2.19344853E-10       2.38810244E-10
     4.2000       3.17481792E-10       5.61113702E-10       2.27750533E-10       2.46865642E-10
     4.3000       3.26658797E-10       5.76997282E-10       2.36717618E-10       2.55252934E-10
     4.4000       3.36007980E-10       5.93482254E-10       2.46271496E-10       2.63977850E-10
     4.5000       3.45517637E-10       6.10580056E-10       2.56439930E-10       2.73047308E-10
     4.6000       3.55176219E-10       6.28303919E-10       2.67253214E-10       2.82469471E-10
     4.7000       3.64972319E-10       6.46668908E-10       2.78744303E-10       2.92253807E-10
     4.8000       3.74894653E-10       6.65691755E-10       2.90948963E-10       3.02411087E-10
     4.9000       3.84932048E-10       6.85390963E-10       3.03905777E-10       3.12953430E-10
     5.0000       3.95073441E-10       7.05786826E-10       3.17656516E-10       3.23894403E-10
     5.1000       4.05307870E-10       7.26901500E-10       3.32246260E-10       3.35249087E-10
     5.2000       4.15624484E-10       7.48759048E-10       3.47723626E-10       3.47034148E-10
     5.3000       4.26012539E-10       7.71385461E-10       3.64140877E-10       3.59267871E-10
     5.4000       4.36461401E-10       7.94808833E-10       3.81554439E-10       3.71970359E-10
     5.5000       4.46960547E-10       8.19059453E-10       4.00025227E-10       3.85163606E-10
     5.6000       4.57499577E-10       8.44170050E-10       4.19619299E-10       3.98871726E-10
     5.7000       4.68068229E-10       8.70175823E-10       4.40408425E-10       4.13121093E-10
     5.8000       4.78656369E-10       8.97114615E-10       4.62471201E-10       4.27940603E-10
     5.9000       4.89254014E-10       9.25027206E-10       4.85893715E-10       4.43361926E-10
     6.0000       4.99851342E-10       9.53957401E-10       5.10770367E-10       4.59419711E-10
     6.1000       5.10438691E-10       9.83952206E-10       5.37204390E-10       4.76151773E-10
     6.2000       5.21006581E-10       1.01506212E-09       5.65308166E-10       4.93599280E-10
     6.3000       5.31545714E-10       1.04734125E-09       5.95203803E-10       5.11807003E-10
     6.4000       5.42046999E-10       1.08084765E-09       6.27023391E-10       5.30823489E-10
     6.5000       5.52501551E-10       1.11564343E-09       6.60909251E-10       5.50701241E-10
     6.6000       5.62900707E-10       1.15179504E-09       6.97014542E-10       5.71496990E-10
     6.7000       5.73236038E-10       1.18937357E-09       7.35503751E-10       5.93271906E-10
     6.8000       5.83499351E-10       1.22845521E-09       7.76553546E-10       6.16092074E-10
     6.9000       5.93682709E-10       1.26912131E-09       8.20353251E-10       6.40028600E-10
     7.0000       6.03778437E-10       1.31145882E-09       8.67106181E-10       6.65158144E-10
     7.1000       6.13779128E-10       1.35556070E-09       9.17030173E-10       6.91563168E-10
     7.2000       6.23677677E-10       1.40152623E-09       9.70359142E-10       7.19332456E-10
     7.3000       6.33467258E-10       1.44946157E-09       1.02734414E-09       7.48561579E-10
     7.4000       6.43141371E-10       1.49948021E-09       1.08825446E-09       7.79353313E-10
     7.5000       6.52693820E-10       1.55170335E-09       1.15337932E-09       8.11818249E-10
     7.6000       6.62118748E-10       1.60626057E-09       1.22302907E-09       8.46075316E-10
     7.7000       6.71410637E-10       1.66329041E-09       1.29753738E-09       8.82252519E-10
     7.8000       6.80564319E-10       1.72294081E-09       1.37726259E-09       9.20487415E-10
     7.9000       6.89574977E-10       1.78537000E-09       1.46258953E-09       9.60927938E-10
     8.0000       6.98438172E-10       1.85074700E-09       1.55393196E-09       1.00373316E-09
     8.1000       7.07149852E-10       1.91925257E-09       1.65173446E-09       1.04907407E-09
     8.2000       7.15706347E-10       1.99107994E-09       1.75647486E-09       1.09713449E-09
     8.3000       7.24104389E-10       2.06643563E-09       1.86866679E-09       1.14811200E-09
     8.4000       7.32341121E-10       2.14554056E-09       1.98886234E-09       1.20221901E-09
     8.5000       7.40414122E-10       2.22863107E-09       2.11765492E-09       1.25968383E-09
     8.6000       7.48321385E-10       2.31595981E-09       2.25568253E-09       1.32075182E-09
     8.7000       7.56061352E-10       2.40779702E-09       2.40363131E-09       1.38568670E-09
     8.8000       7.63632919E-10       2.50443188E-09       2.56223887E-09       1.45477193E-09
     8.9000       7.71035436E-10       2.60617388E-09       2.73229826E-09       1.52831213E-09
     9.0000       7.78268729E-10       2.71335425E-09       2.91466229E-09       1.60663477E-09
     9.1000       7.85333097E-10       2.82632725E-09       3.11024780E-09       1.69009160E-09
     9.2000       7.92229342E-10       2.94547226E-09       3.32004088E-09       1.77906081E-09
     9.3000       7.98958766E-10       3.07119551E-09       3.54510203E-09       1.87394888E-09
     9.4000       8.05523192E-10       3.20393171E-09       3.78657138E-09       1.97519240E-09
     9.5000       8.11924959E-10       3.34414662E-09       4.04567541E-09       2.08326089E-09
     9.6000       8.18166942E-10       3.49233898E-09       4.32373282E-09       2.19865877E-09
     9.7000       8.24252568E-10       3.64904307E-09       4.62216173E-09       2.32192821E-09
     9.8000       8.30185839E-10       3.81483107E-09       4.94248756E-09       2.45365183E-09
     9.9000       8.35971322E-10       3.99031620E-09       5.28635082E-09       2.59445595E-09
    10.0000       8.41614181E-10       4.17615573E-09       5.65551610E-09       2.74501380E-09
    10.1000       8.47120191E-10       4.37305406E-09       6.05188075E-09       2.90604880E-09
    10.2000       8.52495720E-10       4.58176590E-09       6.47748569E-09       3.07833850E-09
    10.3000       8.57747789E-10       4.80310048E-09       6.93452618E-09       3.26271874E-09
    10.4000       8.62884085E-10       5.03792555E-09       7.42536391E-09       3.46008819E-09
    10.5000       8.67912970E-10       5.28717165E-09       7.95253878E-09       3.67141270E-09
    10.6000       8.72843492E-10       5.55183651E-09       8.51878249E-09       3.89773039E-09
    10.7000       8.77685414E-10       5.83299013E-09       9.12703350E-09       4.14015722E-09
    10.8000       8.82449248E-10       6.13178043E-09       9.78045273E-09       4.39989297E-09
    10.9000       8.87146278E-10       6.44943906E-09       1.04824409E-08       4.67822766E-09
    11.0000       8.91788571E-10       6.78728729E-09       1.12366559E-08       4.97654806E-09
    11.1000       8.96389011E-10       7.14674275E-09       1.20470324E-08       5.29634491E-09
    11.2000       9.00961340E-10       7.52932652E-09       1.29178034E-08       5.63922099E-09
    11.3000       9.05520190E-10       7.93667124E-09       1.38535225E-08       6.00689966E-09
    11.4000       9.10081111E-10       8.37052862E-09       1.48590881E-08       6.40123338E-09
    11.5000       9.14660625E-10       8.83277866E-09       1.59397702E-08       6.82421389E-09
    11.6000       9.19276246E-10       9.32543998E-09       1.71012381E-08       7.27798298E-09
    11.7000       9.23946534E-10       9.85067911E-09       1.83495918E-08       7.76484363E-09
    11.8000       9.28691140E-10       1.04108215E-08       1.96913936E-08       8.28727171E-09
    11.9000       9.33530872E-10       1.10083640E-08       2.11337032E-08       8.84792950E-09
    12.0000       9.38487736E-10       1.16459866E-08       2.26841156E-08       9.44967908E-09
    12.1000       9.43584991E-10       1.23265666E-08       2.43508026E-08       1.00955980E-08
    12.2000       9.48847244E-10       1.30531937E-08       2.61425570E-08       1.07889961E-08
    12.3000       9.54300483E-10       1.38291844E-08       2.80688376E-08       1.15334312E-08
    12.4000       9.59972161E-10       1.46580994E-08       3.01398214E-08       1.23327292E-08
    12.5000       9.65891295E-10       1.55437619E-08       3.23664578E-08       1.31910033E-08
    12.6000       9.72088538E-10       1.64902766E-08       3.47605283E-08       1.41126767E-08
    12.7000       9.78596280E-10       1.75020505E-08       3.73347079E-08       1.51025048E-08
    12.8000       9.85448744E-10       1.85838156E-08       4.01026343E-08       1.61656009E-08
    12.9000       9.92682086E-10       1.97406522E-08       4.30789814E-08       1.73074627E-08
    13.0000       1.00033451E-09       2.09780148E-08       4.62795363E-08       1.85340010E-08
    13.1000       1.00844640E-09       2.23017601E-08       4.97212853E-08       1.98515711E-08
    13.2000       1.01706046E-09       2.37181762E-08       5.34225040E-08       2.12670058E-08
    13.3000       1.02622182E-09       2.52340147E-08       5.74028556E-08       2.27876517E-08
    13.4000       1.03597828E-09       2.68565252E-08       6.16834957E-08       2.44214072E-08
    13.5000       1.04638040E-09       2.85934922E-08       6.62871858E-08       2.61767644E-08
    13.6000       1.05748167E-09       3.04532746E-08       7.12384147E-08       2.80628533E-08
    13.7000       1.06933878E-09       3.24448494E-08       7.65635314E-08       3.00894908E-08
    13.8000       1.08201174E-09       3.45778562E-08       8.22908822E-08       3.22672303E-08
    13.9000       1.09556419E-09       3.68626473E-08       8.84509626E-08       3.46074174E-08
    14.0000       1.11006356E-09       3.93103403E-08       9.50765815E-08       3.71222497E-08
    14.1000       1.12558138E-09       4.19328741E-08       1.02203034E-07       3.98248395E-08
    14.2000       1.14219353E-09       4.47430704E-08       1.09868288E-07       4.27292816E-08
    14.3000       1.15998055E-09       4.77546987E-08       1.18113185E-07       4.58507272E-08
    14.4000       1.17902793E-09       5.09825478E-08       1.26981661E-07       4.92054620E-08
    14.5000       1.19942650E-09       5.44424991E-08       1.36520971E-07       5.28109891E-08
    14.6000       1.22127272E-09       5.81516077E-08       1.46781945E-07       5.66861203E-08
    14.7000       1.24466914E-09       6.21281882E-08       1.57819254E-07       6.08510705E-08
    14.8000       1.26972476E-09       6.63919066E-08       1.69691695E-07       6.53275616E-08
    14.9000       1.29655550E-09       7.09638789E-08       1.82462506E-07       7.01389326E-08
    15.0000       1.32528461E-09       7.58667755E-08       1.96199694E-07       7.53102563E-08
    15.1000       1.35604327E-09       8.11249348E-08       2.10976395E-07       8.08684663E-08
    15.2000       1.38897105E-09       8.67644808E-08       2.26871252E-07       8.68424895E-08
    15.3000       1.42421647E-09       9.28134517E-08       2.43968832E-07       9.32633914E-08
    15.4000       1.46193765E-09       9.93019351E-08       2.62360064E-07       1.00164528E-07
    15.5000       1.50230293E-09       1.06262214E-07       2.82142710E-07       1.07581708E-07
    15.6000       1.54549159E-09       1.13728922E-07       3.03421872E-07       1.15553367E-07
    15.7000       1.59169454E-09       1.21739205E-07       3.26310542E-07       1.24120755E-07
    15.8000       1.64111512E-09       1.30332893E-07       3.50930179E-07       1.33328131E-07
    15.9000       1.69396996E-09       1.39552692E-07       3.77411340E-07       1.43222974E-07
    16.0000       1.75048974E-09       1.49444367E-07       4.05894341E-07       1.53856202E-07
    16.1000       1.81092024E-09       1.60056960E-07       4.36529988E-07       1.65282418E-07
    16.2000       1.87552327E-09       1.71443013E-07       4.69480346E-07       1.77560162E-07
    16.3000       1.94457772E-09       1.83658789E-07       5.04919567E-07       1.90752175E-07
    16.4000       2.01838070E-09       1.96764535E-07       5.43034798E-07       2.04925698E-07
    16.5000       2.09724876E-09       2.10824736E-07       5.84027114E-07       2.20152768E-07
    16.6000       2.18151910E-09       2.25908396E-07       6.28112564E-07       2.36510552E-07
    16.7000       2.27155097E-09       2.42089334E-07       6.75523265E-07       2.54081691E-07
    16.8000       2.36772707E-09       2.59446495E-07       7.26508593E-07       2.72954671E-07
    16.9000       2.47045511E-09       2.78064284E-07       7.81336470E-07       2.93224223E-07
    17.0000       2.58016954E-09       2.98032927E-07       8.40294743E-07       3.14991748E-07
    17.1000       2.69733326E-09       3.19448837E-07       9.03692657E-07       3.38365764E-07
    17.2000       2.82243952E-09       3.42415015E-07       9.71862461E-07       3.63462387E-07
    17.3000       2.95601398E-09       3.67041479E-07       1.04516116E-06       3.90405856E-07
    17.4000       3.09861693E-09       3.93445710E-07       1.12397235E-06       4.19329081E-07
    17.5000       3.25084541E-09       4.21753122E-07       1.20870825E-06       4.50374225E-07
    17.6000       3.41333590E-09       4.52097565E-07       1.29981191E-06       4.83693346E-07
    17.7000       3.58676690E-09       4.84621860E-07       1.39775952E-06       5.19449062E-07
    17.8000       3.77186176E-09       5.19478361E-07       1.50306296E-06       5.57815269E-07
    17.9000       3.96939172E-09       5.56829557E-07       1.61627256E-06       5.98977915E-07
    18.0000       4.18017922E-09       5.96848699E-07       1.73798007E-06       6.43135817E-07
    18.1000       4.40510140E-09       6.39720477E-07       1.86882190E-06       6.90501559E-07
    18.2000       4.64509394E-09       6.85641727E-07       2.00948263E-06       7.41302427E-07
    18.3000       4.90115497E-09       7.34822178E-07       2.16069876E-06       7.95781418E-07
    18.4000       5.17434947E-09       7.87485260E-07       2.32326288E-06       8.54198338E-07
    18.5000       5.46581395E-09       8.43868940E-07       2.49802809E-06       9.16830957E-07
    18.6000       5.77676130E-09       9.04226596E-07       2.68591285E-06       9.83976255E-07
    18.7000       6.10848605E-09       9.68827947E-07       2.88790623E-06       1.05595174E-06
    18.8000       6.46236989E-09       1.03796001E-06       3.10507367E-06       1.13309688E-06
    18.9000       6.83988806E-09       1.11192816E-06       3.33856319E-06       1.21577465E-06
    19.0000       7.24261560E-09       1.19105724E-06       3.58961215E-06       1.30437319E-06
    19.1000       7.67223446E-09       1.27569270E-06       3.85955465E-06       1.39930753E-06
    19.2000       8.13054131E-09       1.36620180E-06       4.14982950E-06       1.50102154E-06
    19.3000       8.61945560E-09       1.46297496E-06       4.46198900E-06       1.60998992E-06
    19.4000       9.14102799E-09       1.56642705E-06       4.79770839E-06       1.72672039E-06
    19.5000       9.69744947E-09       1.67699879E-06       5.15879611E-06       1.85175605E-06
    19.6000       1.02910618E-08       1.79515832E-06       5.54720525E-06       1.98567791E-06
    19.7000       1.09243675E-08       1.92140267E-06       5.96504564E-06       2.12910752E-06
    19.8000       1.16000412E-08       2.05625940E-06       6.41459713E-06       2.28270990E-06
    19.9000       1.23209416E-08       2.20028832E-06       6.89832416E-06       2.44719663E-06
    20.0000       1.30901250E-08       2.35408329E-06       7.41889173E-06       2.62332926E-06
    20.1000       1.39108587E-08       2.51827412E-06       7.97918252E-06       2.81192285E-06
    20.2000       1.47866362E-08       2.69352840E-06       8.58231567E-06       3.01384982E-06
    20.3000       1.57211923E-08       2.88055362E-06       9.23166722E-06       3.23004409E-06
    20.4000       1.67185220E-08       3.08009936E-06       9.93089230E-06       3.46150565E-06
    20.5000       1.77828962E-08       3.29295936E-06       1.06839491E-05       3.70930520E-06
    20.6000       1.89188819E-08       3.51997386E-06       1.14951253E-05       3.97458937E-06
    20.7000       2.01313631E-08       3.76203200E-06       1.23690660E-05       4.25858623E-06
    20.8000       2.14255617E-08       4.02007419E-06       1.33108044E-05       4.56261117E-06
    20.9000       2.28070599E-08       4.29509461E-06       1.43257953E-05       4.88807333E-06
    21.0000       2.42818266E-08       4.58814389E-06       1.54199508E-05       5.23648242E-06
    21.1000       2.58562430E-08       4.90033183E-06       1.65996791E-05       5.60945623E-06
    21.2000       2.75371302E-08       5.23283022E-06       1.78719260E-05       6.00872844E-06
    21.3000       2.93317793E-08       5.58687565E-06       1.92442189E-05       6.43615719E-06
    21.4000       3.12479813E-08       5.96377240E-06       2.07247151E-05       6.89373424E-06
    21.5000       3.32940621E-08       6.36489552E-06       2.23222519E-05       7.38359486E-06
    21.6000       3.54789159E-08       6.79169386E-06       2.40464002E-05       7.90802841E-06
    21.7000       3.78120426E-08       7.24569310E-06       2.59075210E-05       8.46948958E-06
    21.8000       4.03035843E-08       7.72849875E-06       2.79168242E-05       9.07061061E-06
    21.9000       4.29643675E-08       8.24179937E-06       3.00864304E-05       9.71421433E-06
    22.0000       4.58059449E-08       8.78736972E-06       3.24294339E-05       1.04033282E-05
    22.1000       4.88406416E-08       9.36707424E-06       3.49599688E-05       1.11411999E-05
    22.2000       5.20816006E-08       9.98286992E-06       3.76932750E-05       1.19313130E-05
    22.3000       5.55428319E-08       1.06368098E-05       4.06457631E-05       1.27774048E-05
    22.4000       5.92392619E-08       1.13310456E-05       4.38350778E-05       1.36834847E-05
    22.5000       6.31867877E-08       1.20678316E-05       4.72801605E-05       1.46538543E-05
    22.6000       6.74023302E-08       1.28495271E-05       5.10013057E-05       1.56931290E-05
    22.7000       7.19038892E-08       1.36785997E-05       5.50202112E-05       1.68062610E-05
    22.8000       7.67106032E-08       1.45576283E-05       5.93600204E-05       1.79985637E-05
    22.9000       8.18428054E-08       1.54893061E-05       6.40453533E-05       1.92757384E-05
    23.0000       8.73220860E-08       1.64764430E-05       6.91023248E-05       2.06439025E-05
    23.1000       9.31713524E-08       1.75219685E-05       7.45585453E-05       2.21096194E-05
    23.2000       9.94148877E-08       1.86289339E-05       8.04431033E-05       2.36799313E-05
    23.3000       1.06078418E-07       1.98005149E-05       8.67865263E-05       2.53623937E-05
    23.4000       1.13189162E-07       2.10400127E-05       9.36207126E-05       2.71651114E-05
    23.5000       1.20775903E-07       2.23508575E-05       1.00978840E-04       2.90967782E-05
    23.6000       1.28869038E-07       2.37366088E-05       1.08895244E-04       3.11667187E-05
    23.7000       1.37500638E-07       2.52009573E-05       1.17405259E-04       3.33849324E-05
    23.8000       1.46704500E-07       2.67477267E-05       1.26545033E-04       3.57621407E-05
    23.9000       1.56516206E-07       2.83808741E-05       1.36351315E-04       3.83098377E-05
    24.0000       1.66973152E-07       3.01044910E-05       1.46861188E-04       4.10403417E-05
    24.1000       1.78114603E-07       3.19228036E-05       1.58111800E-04       4.39668517E-05
    24.2000       1.89981712E-07       3.38401727E-05       1.70140055E-04       4.71035058E-05
    24.3000       2.02617550E-07       3.58610929E-05       1.82982275E-04       5.04654422E-05
    24.4000       2.16067111E-07       3.79901925E-05       1.96673866E-04       5.40688634E-05
    24.5000       2.30377336E-07       4.02322329E-05       2.11248965E-04       5.79311034E-05
    24.6000       2.45597087E-07       4.25921077E-05       2.26740075E-04       6.20706967E-05
    24.7000       2.61777132E-07       4.50748403E-05       2.43177725E-04       6.65074480E-05
    24.8000       2.78970097E-07       4.76855822E-05       2.60590128E-04       7.12625045E-05
    24.9000       2.97230428E-07       5.04296117E-05       2.79002887E-04       7.63584293E-05
    25.0000       3.16614299E-07       5.33123294E-05       2.98438692E-04       8.18192703E-05
    25.1000       3.37179523E-07       5.63392564E-05       3.18917076E-04       8.76706263E-05
    25.2000       3.58985449E-07       5.95160326E-05       3.40454220E-04       9.39397127E-05
    25.3000       3.82092816E-07       6.28484118E-05       3.63062779E-04       1.00655415E-04
    25.4000       4.06563596E-07       6.63422585E-05       3.86751778E-04       1.07848327E-04
    25.5000       4.32460816E-07       7.00035447E-05       4.11526549E-04       1.15550778E-04
    25.6000       4.59848330E-07       7.38383457E-05       4.37388703E-04       1.23796823E-04
    25.7000       4.88790585E-07       7.78528352E-05       4.64336170E-04       1.32622225E-04
    25.8000       5.19352341E-07       8.20532806E-05       4.92363259E-04       1.42064380E-04
    25.9000       5.51598420E-07       8.64460413E-05       5.21460809E-04       1.52162218E-04
    26.0000       5.85593355E-07       9.10375606E-05       5.51616338E-04       1.62956038E-04
    26.1000       6.21401060E-07       9.58343623E-05       5.82814231E-04       1.74487271E-04
    26.2000       6.59084507E-07       1.00843051E-04       6.15035933E-04       1.86798138E-04
    26.3000       6.98705337E-07       1.06070302E-04       6.48260235E-04       1.99931196E-04
    26.4000       7.40323490E-07       1.11522863E-04       6.82463485E-04       2.13928734E-04
    26.5000       7.83996798E-07       1.17207542E-04       7.17619905E-04       2.28832049E-04
    26.6000       8.29780625E-07       1.23131213E-04       7.53701842E-04       2.44680580E-04
    26.7000       8.77727474E-07       1.29300807E-04       7.90680061E-04       2.61510889E-04
    26.8000       9.27886608E-07       1.35723314E-04       8.28524019E-04       2.79355516E-04
    26.9000       9.80303725E-07       1.42405775E-04       8.67202101E-04       2.98241727E-04
    27.0000       1.03502059E-06       1.49355284E-04       9.06681886E-04       3.18190250E-04
    27.1000       1.09207478E-06       1.56578990E-04       9.46930404E-04       3.39214053E-04
    27.2000       1.15149936E-06       1.64084090E-04       9.87914333E-04       3.61317252E-04
    27.3000       1.21332273E-06       1.71877838E-04       1.02960021E-03       3.84494285E-04
    27.4000       1.27756832E-06       1.79967537E-04       1.07195460E-03       4.08729478E-04
    27.5000       1.34425454E-06       1.88360550E-04       1.11494417E-03       4.33997009E-04
    27.6000       1.41339458E-06       1.97064295E-04       1.15853588E-03       4.60261083E-04
    27.7000       1.48499641E-06       2.06086254E-04       1.20269695E-03       4.87476165E-04
    27.8000       1.55906269E-06       2.15433975E-04       1.24739501E-03       5.15587149E-04
    27.9000       1.63559074E-06       2.25115077E-04       1.29259811E-03       5.44529496E-04
    28.0000       1.71457265E-06       2.35137259E-04       1.33827482E-03       5.74229399E-04
    28.1000       1.79599531E-06       2.45508305E-04       1.38439423E-03       6.04603957E-04
    28.2000       1.87984049E-06       2.56236100E-04       1.43092597E-03       6.35561573E-04
    28.3000       1.96608489E-06       2.67328630E-04       1.47784039E-03       6.67002639E-04
    28.4000       2.05470040E-06       2.78794007E-04       1.52510852E-03       6.98820634E-04
    28.5000       2.14565403E-06       2.90640474E-04       1.57270225E-03       7.30903604E-04
    28.6000       2.23890809E-06       3.02876423E-04       1.62059453E-03       7.63135921E-04
    28.7000       2.33442028E-06       3.15510408E-04       1.66875939E-03       7.95400049E-04
    28.8000       2.43214371E-06       3.28551165E-04       1.71717207E-03       8.27578107E-04
    28.9000       2.53202719E-06       3.42007641E-04       1.76580915E-03       8.59553239E-04
    29.0000       2.63401520E-06       3.55889010E-04       1.81464866E-03       8.91210802E-04
    29.1000       2.73804805E-06       3.70204698E-04       1.86367007E-03       9.22439519E-04
    29.2000       2.84406205E-06       3.84964418E-04       1.91285451E-03       9.53132773E-04
    29.3000       2.95198963E-06       4.00178197E-04       1.96218484E-03       9.83190002E-04
    29.4000       3.06175968E-06       4.15856412E-04       2.01164579E-03       1.01251813E-03
    29.5000       3.17329771E-06       4.32009820E-04       2.06122386E-03       1.04103288E-03
    29.6000       3.28652623E-06       4.48649607E-04       2.11090770E-03       1.06865994E-03
    29.7000       3.40136508E-06       4.65787424E-04       2.16068807E-03       1.09533599E-03
    29.8000       3.51773190E-06       4.83435438E-04       2.21055784E-03       1.12100949E-03
    29.9000       3.63554267E-06       5.01606378E-04       2.26051203E-03       1.14564119E-03
    30.0000       3.75471234E-06       5.20313594E-04       2.31054762E-03       1.16920443E-03
    30.1000       3.87515553E-06       5.39571108E-04       2.36066349E-03       1.19168510E-03
    30.2000       3.99678726E-06       5.59393663E-04       2.41085962E-03       1.21308115E-03
    30.3000       4.11952405E-06       5.79796804E-04       2.46113633E-03       1.23340176E-03
    30.4000       4.24328469E-06       6.00796939E-04       2.51149308E-03       1.25266622E-03
    30.5000       4.36799137E-06       6.22411392E-04       2.56192684E-03       1.27090281E-03
    30.6000       4.49357078E-06       6.44658483E-04       2.61242976E-03       1.28814762E-03
    30.7000       4.61995517E-06       6.67557587E-04       2.66298687E-03       1.30444332E-03
    30.8000       4.74708350E-06       6.91129206E-04       2.71357394E-03       1.31983769E-03
    30.9000       4.87490265E-06       7.15395034E-04       2.76415601E-03       1.33438202E-03
    31.0000       5.00336840E-06       7.40378012E-04       2.81468537E-03       1.34812955E-03
    31.1000       5.13244671E-06       7.66102392E-04       2.86509785E-03       1.36113422E-03
    31.2000       5.26211462E-06       7.92593798E-04       2.91530533E-03       1.37344950E-03
    31.3000       5.39236130E-06       8.19879281E-04       2.96518622E-03       1.38512738E-03
    31.4000       5.52318880E-06       8.47987370E-04       3.01457748E-03       1.39621756E-03
    31.5000       5.65461282E-06       8.76948117E-04       3.06327001E-03       1.40676690E-03
    31.6000       5.78666338E-06       9.06793144E-04       3.11100848E-03       1.41681926E-03
    31.7000       5.91938537E-06       9.37555677E-04       3.15749418E-03       1.42641521E-03
    31.8000       6.05283884E-06       9.69270603E-04       3.20238859E-03       1.43559158E-03
    31.9000       6.18709933E-06       1.00197450E-03       3.24531431E-03       1.44438134E-03
    32.0000       6.32225810E-06       1.03570568E-03       3.28585442E-03       1.45281434E-03
    32.1000       6.45842215E-06       1.07050426E-03       3.32355842E-03       1.46091839E-03
    32.2000       6.59571432E-06       1.10641213E-03       3.35796048E-03       1.46871975E-03
    32.3000       6.73427313E-06       1.14347308E-03       3.38860745E-03       1.47624288E-03
    32.4000       6.87425287E-06       1.18173282E-03       3.41509009E-03       1.48351046E-03
    32.5000       7.01582333E-06       1.22123900E-03       3.43706911E-03       1.49054377E-03
    32.6000       7.15916976E-06       1.26204130E-03       3.45428687E-03       1.49736317E-03
    32.7000       7.30449269E-06       1.30419143E-03       3.46656983E-03       1.50398811E-03
    32.8000       7.45200796E-06       1.34774316E-03       3.47383427E-03       1.51043718E-03
    32.9000       7.60194628E-06       1.39275230E-03       3.47609587E-03       1.51672843E-03
    33.0000       7.75455359E-06       1.43927674E-03       3.47346727E-03       1.52287972E-03
    33.1000       7.91009088E-06       1.48737651E-03       3.46613340E-03       1.52890864E-03
    33.2000       8.06883414E-06       1.53711383E-03       3.45431140E-03       1.53483245E-03
    33.3000       8.23107457E-06       1.58855336E-03       3.43822564E-03       1.54066761E-03
    33.4000       8.39711844E-06       1.64176251E-03       3.41812865E-03       1.54642884E-03
    33.5000       8.56728734E-06       1.69681195E-03       3.39434798E-03       1.55212938E-03
    33.6000       8.74191822E-06       1.75377601E-03       3.36730677E-03       1.55778158E-03
    33.7000       8.92136339E-06       1.81273299E-03       3.33749284E-03       1.56339642E-03
    33.8000       9.10599075E-06       1.87376486E-03       3.30539778E-03       1.56898311E-03
    33.9000       9.29618394E-06       1.93695623E-03       3.27147074E-03       1.57454996E-03
    34.0000       9.49234246E-06       2.00239203E-03       3.23610810E-03       1.58010547E-03
    34.1000       9.69488212E-06       2.07015397E-03       3.19965288E-03       1.58565861E-03
    34.2000       9.90423477E-06       2.14031605E-03       3.16240066E-03       1.59121799E-03
    34.3000       1.01208491E-05       2.21294041E-03       3.12463211E-03       1.59679132E-03
    34.4000       1.03451907E-05       2.28807448E-03       3.08662969E-03       1.60238556E-03
    34.5000       1.05777425E-05       2.36575006E-03       3.04865872E-03       1.60800706E-03
    34.6000       1.08190052E-05       2.44598278E-03       3.01095407E-03       1.61366131E-03
    34.7000       1.10694978E-05       2.52876963E-03       2.97370741E-03       1.61935262E-03
    34.8000       1.13297581E-05       2.61408334E-03       2.93704950E-03       1.62508416E-03
    34.9000       1.16003435E-05       2.70186497E-03       2.90105412E-03       1.63085848E-03
    35.0000       1.18818307E-05       2.79201766E-03       2.86577265E-03       1.63667821E-03
    35.1000       1.21748172E-05       2.88440334E-03       2.83126987E-03       1.64254601E-03
    35.2000       1.24799217E-05       2.97884159E-03       2.79761117E-03       1.64846435E-03
    35.3000       1.27977842E-05       3.07510905E-03       2.76482825E-03       1.65443522E-03
    35.4000       1.31290675E-05       3.17293846E-03       2.73291529E-03       1.66045992E-03
    35.5000       1.34744574E-05       3.27201858E-03       2.70185817E-03       1.66653913E-03
    35.6000       1.38346638E-05       3.37199706E-03       2.67163693E-03       1.67267291E-03
    35.7000       1.42104218E-05       3.47248712E-03       2.64221683E-03       1.67886054E-03
    35.8000       1.46024924E-05       3.57307697E-03       2.61356588E-03       1.68510072E-03
    35.9000       1.50116644E-05       3.67333913E-03       2.58566404E-03       1.69139155E-03
    36.0000       1.54387554E-05       3.77283765E-03       2.55849646E-03       1.69773071E-03
    36.1000       1.58846143E-05       3.87113330E-03       2.53204276E-03       1.70411553E-03
    36.2000       1.63501231E-05       3.96778985E-03       2.50628374E-03       1.71054248E-03
    36.3000       1.68362000E-05       4.06238502E-03       2.48121559E-03       1.71700673E-03
    36.4000       1.73438019E-05       4.15452894E-03       2.45684647E-03       1.72350286E-03
    36.5000       1.78739288E-05       4.24388637E-03       2.43318227E-03       1.73002570E-03
    36.6000       1.84276278E-05       4.33019269E-03       2.41020413E-03       1.73657041E-03
    36.7000       1.90059983E-05       4.41325423E-03       2.38786633E-03       1.74313209E-03
    36.8000       1.96101980E-05       4.49293397E-03       2.36612956E-03       1.74970590E-03
    36.9000       2.02414496E-05       4.56913156E-03       2.34497778E-03       1.75628689E-03
    37.0000       2.09010494E-05       4.64176711E-03       2.32439139E-03       1.76286951E-03
    37.1000       2.15903758E-05       4.71077214E-03       2.30433254E-03       1.76944710E-03
    37.2000       2.23109005E-05       4.77608710E-03       2.28476890E-03       1.77601215E-03
    37.3000       2.30642003E-05       4.83766334E-03       2.26569575E-03       1.78255699E-03
    37.4000       2.38519702E-05       4.89546704E-03       2.24712530E-03       1.78907418E-03
    37.5000       2.46760380E-05       4.94948294E-03       2.22905941E-03       1.79555676E-03
    37.6000       2.55383810E-05       4.99971695E-03       2.21147410E-03       1.80199838E-03
    37.7000       2.64411434E-05       5.04619709E-03       2.19431576E-03       1.80839318E-03
    37.8000       2.73866558E-05       5.08897245E-03       2.17751124E-03       1.81473540E-03
    37.9000       2.83774583E-05       5.12811014E-03       2.16099479E-03       1.82101891E-03
    38.0000       2.94163256E-05       5.16369154E-03       2.14472578E-03       1.82723714E-03
    38.1000       3.05062984E-05       5.19580872E-03       2.12868393E-03       1.83338342E-03
    38.2000       3.16507210E-05       5.22456012E-03       2.11285226E-03       1.83945111E-03
    38.3000       3.28532890E-05       5.25004676E-03       2.09720690E-03       1.84543332E-03
    38.4000       3.41181113E-05       5.27237336E-03       2.08172785E-03       1.85132302E-03
    38.5000       3.54497880E-05       5.29165460E-03       2.06642001E-03       1.85711326E-03
    38.6000       3.68535084E-05       5.30801695E-03       2.05131872E-03       1.86279719E-03
    38.7000       3.83351700E-05       5.32159231E-03       2.03647195E-03       1.86836773E-03
    38.8000       3.99015186E-05       5.33251724E-03       2.02191706E-03       1.87381749E-03
    38.9000       4.15603029E-05       5.34094259E-03       2.00766885E-03       1.87913976E-03
    39.0000       4.33204373E-05       5.34703041E-03       1.99372259E-03       1.88432912E-03
    39.1000       4.51921563E-05       5.35093501E-03       1.98006236E-03       1.88938079E-03
    39.2000       4.71871406E-05       5.35279864E-03       1.96666834E-03       1.89429001E-03
    39.3000       4.93185903E-05       5.35275907E-03       1.95352158E-03       1.89905208E-03
    39.4000       5.16012190E-05       5.35094429E-03       1.94060793E-03       1.90366245E-03
    39.5000       5.40511461E-05       5.34746709E-03       1.92791964E-03       1.90811685E-03
    39.6000       5.66856734E-05       5.34243375E-03       1.91545424E-03       1.91241128E-03
    39.7000       5.95229436E-05       5.33595403E-03       1.90321108E-03       1.91654195E-03
    39.8000       6.25814976E-05       5.32814070E-03       1.89118579E-03       1.92050523E-03
    39.9000       6.58797578E-05       5.31910273E-03       1.87936444E-03       1.92429779E-03
    40.0000       6.94354807E-05       5.30893996E-03       1.86772402E-03       1.92791666E-03
    40.1000       7.32652220E-05       5.29774121E-03       1.85624083E-03       1.93135946E-03
    40.2000       7.73838571E-05       5.28558472E-03       1.84489847E-03       1.93462412E-03
    40.3000       8.18041927E-05       5.27253886E-03       1.83369023E-03       1.93770858E-03
    40.4000       8.65366939E-05       5.25866189E-03       1.82261736E-03       1.94061068E-03
    40.5000       9.15893354E-05       5.24400315E-03       1.81168383E-03       1.94332811E-03
    40.6000       9.69675742E-05       5.22860884E-03       1.80089132E-03       1.94585906E-03
    40.7000       1.02674424E-04       5.21252943E-03       1.79023697E-03       1.94820286E-03
    40.8000       1.08710606E-04       5.19582272E-03       1.77971210E-03       1.95035967E-03
    40.9000       1.15074735E-04       5.17855076E-03       1.76930395E-03       1.95233009E-03
    41.0000       1.21763529E-04       5.16077411E-03       1.75900202E-03       1.95411495E-03
    41.1000       1.28771990E-04       5.14254839E-03       1.74880333E-03       1.95571532E-03
    41.2000       1.36093561E-04       5.12392418E-03       1.73870716E-03       1.95713238E-03
    41.3000       1.43720229E-04       5.10494807E-03       1.72870281E-03       1.95836710E-03
    41.4000       1.51642601E-04       5.08566265E-03       1.71876280E-03       1.95942020E-03
    41.5000       1.59849953E-04       5.06610571E-03       1.70885163E-03       1.96029214E-03
    41.6000       1.68330290E-04       5.04631071E-03       1.69894568E-03       1.96098329E-03
    41.7000       1.77070440E-04       5.02630844E-03       1.68904754E-03       1.96149409E-03
    41.8000       1.86056222E-04       5.00612808E-03       1.67918249E-03       1.96182515E-03
    41.9000       1.95272687E-04       4.98579718E-03       1.66938110E-03       1.96197756E-03
    42.0000       2.04704451E-04       4.96534140E-03       1.65966248E-03       1.96195305E-03
    42.1000       2.14336091E-04       4.94478452E-03       1.65002689E-03       1.96175363E-03
    42.2000       2.24152583E-04       4.92414820E-03       1.64046068E-03       1.96138143E-03
    42.3000       2.34139750E-04       4.90345138E-03       1.63095155E-03       1.96083903E-03
    42.4000       2.44284683E-04       4.88270971E-03       1.62150324E-03       1.96012969E-03
    42.5000       2.54576099E-04       4.86193572E-03       1.61213622E-03       1.95925723E-03
    42.6000       2.65004600E-04       4.84113966E-03       1.60287574E-03       1.95822587E-03
    42.7000       2.75562822E-04       4.82033059E-03       1.59373869E-03       1.95703979E-03
    42.8000       2.86245432E-04       4.79951678E-03       1.58472795E-03       1.95570272E-03
    42.9000       2.97048983E-04       4.77870539E-03       1.57583447E-03       1.95421793E-03
    43.0000       3.07971618E-04       4.75790255E-03       1.56704218E-03       1.95258875E-03
    43.1000       3.19012642E-04       4.73711399E-03       1.55833228E-03       1.95081937E-03
    43.2000       3.30172006E-04       4.71634616E-03       1.54968698E-03       1.94891472E-03
    43.3000       3.41449739E-04       4.69560747E-03       1.54109258E-03       1.94687982E-03
    43.4000       3.52845393E-04       4.67490872E-03       1.53254062E-03       1.94471985E-03
    43.5000       3.64357553E-04       4.65426281E-03       1.52402715E-03       1.94244045E-03
    43.6000       3.75983459E-04       4.63368418E-03       1.51555210E-03       1.94004714E-03
    43.7000       3.87718786E-04       4.61318858E-03       1.50711764E-03       1.93754502E-03
    43.8000       3.99557590E-04       4.59279297E-03       1.49872538E-03       1.93493916E-03
    43.9000       4.11492441E-04       4.57251449E-03       1.49037560E-03       1.93223506E-03
    44.0000       4.23514738E-04       4.55236902E-03       1.48206987E-03       1.92943829E-03
    44.1000       4.35615169E-04       4.53236954E-03       1.47381227E-03       1.92655424E-03
    44.2000       4.47784248E-04       4.51252489E-03       1.46560771E-03       1.92358849E-03
    44.3000       4.60012857E-04       4.49283939E-03       1.45746093E-03       1.92054667E-03
    44.4000       4.72292705E-04       4.47331304E-03       1.44937785E-03       1.91743396E-03
    44.5000       4.84616652E-04       4.45394272E-03       1.44136747E-03       1.91425548E-03
    44.6000       4.96978863E-04       4.43472390E-03       1.43344110E-03       1.91101675E-03
    44.7000       5.09374786E-04       4.41565226E-03       1.42560700E-03       1.90772345E-03
    44.8000       5.21800988E-04       4.39672446E-03       1.41786264E-03       1.90438108E-03
    44.9000       5.34254863E-04       4.37793800E-03       1.41019138E-03       1.90099480E-03
    45.0000       5.46734263E-04       4.35929097E-03       1.40256710E-03       1.89756948E-03
    45.1000       5.59237112E-04       4.34078227E-03       1.39496538E-03       1.89410998E-03
    45.2000       5.71761077E-04       4.32241253E-03       1.38737597E-03       1.89062165E-03
    45.3000       5.84303350E-04       4.30418495E-03       1.37980743E-03       1.88711030E-03
    45.4000       5.96860578E-04       4.28610563E-03       1.37227999E-03       1.88358119E-03
    45.5000       6.09428940E-04       4.26818334E-03       1.36481335E-03       1.88003866E-03
    45.6000       6.22004334E-04       4.25042875E-03       1.35741750E-03       1.87648669E-03
    45.7000       6.34582621E-04       4.23285361E-03       1.35009096E-03       1.87292946E-03
    45.8000       6.47159875E-04       4.21547000E-03       1.34282553E-03       1.86937112E-03
    45.9000       6.59732569E-04       4.19829002E-03       1.33561232E-03       1.86581571E-03
    46.0000       6.72297684E-04       4.18132572E-03       1.32844555E-03       1.86226781E-03
    46.1000       6.84852690E-04       4.16458943E-03       1.32132255E-03       1.85873276E-03
    46.2000       6.97395406E-04       4.14809394E-03       1.31424253E-03       1.85521605E-03
    46.3000       7.09923735E-04       4.13185215E-03       1.30720655E-03       1.85172268E-03
    46.4000       7.22435318E-04       4.11587658E-03       1.30021894E-03       1.84825697E-03
    46.5000       7.34927142E-04       4.10017877E-03       1.29328829E-03       1.84482264E-03
    46.6000       7.47395159E-04       4.08476913E-03       1.28642652E-03       1.84142275E-03
    46.7000       7.59833985E-04       4.06965699E-03       1.27964574E-03       1.83805986E-03
    46.8000       7.72236720E-04       4.05485077E-03       1.27295387E-03       1.83473625E-03
    46.9000       7.84594955E-04       4.04035803E-03       1.26635189E-03       1.83145396E-03
    47.0000       7.96898979E-04       4.02618515E-03       1.25983702E-03       1.82821460E-03
    47.1000       8.09138208E-04       4.01233664E-03       1.25340876E-03       1.82501938E-03
    47.2000       8.21301765E-04       3.99881441E-03       1.24707447E-03       1.82186930E-03
    47.3000       8.33379137E-04       3.98561723E-03       1.24084917E-03       1.81876582E-03
    47.4000       8.45360718E-04       3.97274072E-03       1.23475062E-03       1.81571071E-03
    47.5000       8.57238099E-04       3.96017763E-03       1.22879251E-03       1.81270500E-03
    47.6000       8.69003967E-04       3.94791833E-03       1.22298113E-03       1.80974926E-03
    47.7000       8.80651591E-04       3.93595109E-03       1.21731508E-03       1.80684457E-03
    47.8000       8.92173997E-04       3.92426231E-03       1.21178662E-03       1.80399238E-03
    47.9000       9.03563038E-04       3.91283691E-03       1.20638423E-03       1.80119395E-03
    48.0000       9.14808654E-04       3.90165876E-03       1.20109624E-03       1.79845006E-03
    48.1000       9.25898592E-04       3.89071140E-03       1.19591427E-03       1.79576086E-03
    48.2000       9.36818751E-04       3.87997848E-03       1.19083466E-03       1.79312591E-03
    48.3000       9.47554120E-04       3.86944431E-03       1.18585701E-03       1.79054438E-03
    48.4000       9.58090063E-04       3.85909414E-03       1.18098156E-03       1.78801518E-03
    48.5000       9.68413574E-04       3.84891449E-03       1.17620747E-03       1.78553703E-03
    48.6000       9.78514168E-04       3.83889367E-03       1.17153240E-03       1.78310838E-03
    48.7000       9.88384285E-04       3.82902216E-03       1.16695251E-03       1.78072743E-03
    48.8000       9.98019227E-04       3.81929281E-03       1.16246195E-03       1.77839218E-03
    48.9000       1.00741685E-03       3.80970099E-03       1.15805201E-03       1.77610056E-03
    49.0000       1.01657719E-03       3.80024457E-03       1.15371067E-03       1.77385058E-03
    49.1000       1.02550217E-03       3.79092373E-03       1.14942414E-03       1.77164032E-03
    49.2000       1.03419535E-03       3.78174082E-03       1.14517937E-03       1.76946797E-03
    49.3000       1.04266183E-03       3.77270008E-03       1.14096548E-03       1.76733182E-03
    49.4000       1.05090799E-03       3.76380717E-03       1.13677394E-03       1.76523029E-03
    49.5000       1.05894124E-03       3.75506870E-03       1.13259774E-03       1.76316197E-03
    49.6000       1.06676968E-03       3.74649159E-03       1.12843021E-03       1.76112549E-03
    49.7000       1.07440164E-03       3.73808245E-03       1.12426516E-03       1.75911950E-03
    49.8000       1.08184519E-03       3.72984704E-03       1.12009923E-03       1.75714273E-03
    49.9000       1.08910771E-03       3.72178958E-03       1.11593413E-03       1.75519386E-03
    50.0000       1.09619540E-03       3.71391199E-03       1.11177632E-03       1.75327116E-03
    50.1000       1.10311294E-03       3.70621295E-03       1.10763443E-03       1.75137236E-03
    50.2000       1.10986322E-03       3.69868676E-03       1.10351694E-03       1.74949487E-03
    50.3000       1.11644719E-03       3.69132221E-03       1.09943184E-03       1.74763566E-03
    50.4000       1.12286380E-03       3.68410200E-03       1.09538774E-03       1.74579102E-03
    50.5000       1.12911011E-03       3.67700307E-03       1.09139600E-03       1.74395697E-03
    50.6000       1.13518148E-03       3.66999822E-03       1.08747158E-03       1.74212979E-03
    50.7000       1.14107188E-03       3.66305900E-03       1.08363199E-03       1.74030633E-03
    50.8000       1.14677426E-03       3.65615868E-03       1.07989515E-03       1.73848389E-03
    50.9000       1.15228092E-03       3.64927457E-03       1.07627503E-03       1.73666012E-03
    51.0000       1.15758390E-03       3.64238889E-03       1.07277757E-03       1.73483277E-03
    51.1000       1.16267532E-03       3.63548848E-03       1.06940149E-03       1.73299955E-03
    51.2000       1.16754773E-03       3.62856430E-03       1.06614669E-03       1.73115791E-03
    51.3000       1.17219430E-03       3.62161097E-03       1.06302482E-03       1.72930457E-03
    51.4000       1.17660902E-03       3.61462661E-03       1.06006226E-03       1.72743594E-03
    51.5000       1.18078688E-03       3.60761285E-03       1.05729020E-03       1.72554905E-03
    51.6000       1.18472388E-03       3.60057455E-03       1.05472878E-03       1.72364188E-03
    51.7000       1.18841714E-03       3.59351914E-03       1.05237811E-03       1.72171394E-03
    51.8000       1.19186491E-03       3.58645578E-03       1.05022418E-03       1.71976566E-03
    51.9000       1.19506655E-03       3.57939441E-03       1.04825300E-03       1.71779720E-03
    52.0000       1.19802260E-03       3.57234502E-03       1.04645837E-03       1.71580882E-03
    52.1000       1.20073473E-03       3.56531701E-03       1.04483797E-03       1.71380091E-03
    52.2000       1.20320576E-03       3.55831876E-03       1.04338462E-03       1.71177396E-03
    52.3000       1.20543963E-03       3.55135728E-03       1.04208170E-03       1.70972876E-03
    52.4000       1.20744143E-03       3.54443797E-03       1.04090419E-03       1.70766650E-03
    52.5000       1.20921732E-03       3.53756454E-03       1.03982151E-03       1.70558862E-03
    52.6000       1.21077450E-03       3.53073905E-03       1.03880142E-03       1.70349695E-03
    52.7000       1.21212113E-03       3.52396209E-03       1.03781532E-03       1.70139406E-03
    52.8000       1.21326626E-03       3.51723306E-03       1.03684342E-03       1.69928295E-03
    52.9000       1.21421970E-03       3.51055043E-03       1.03587530E-03       1.69716595E-03
    53.0000       1.21499190E-03       3.50391205E-03       1.03490473E-03       1.69504428E-03
    53.1000       1.21559380E-03       3.49731534E-03       1.03392375E-03       1.69291911E-03
    53.2000       1.21603670E-03       3.49075736E-03       1.03292099E-03       1.69079197E-03
    53.3000       1.21633210E-03       3.48423477E-03       1.03188475E-03       1.68866413E-03
    53.4000       1.21649160E-03       3.47774367E-03       1.03080705E-03       1.68653640E-03
    53.5000       1.21652681E-03       3.47127936E-03       1.02968497E-03       1.68440980E-03
    53.6000       1.21644930E-03       3.46483628E-03       1.02851990E-03       1.68228583E-03
    53.7000       1.21627057E-03       3.45840811E-03       1.02731818E-03       1.68016630E-03
    53.8000       1.21600213E-03       3.45198805E-03       1.02609441E-03       1.67805290E-03
    53.9000       1.21565561E-03       3.44556920E-03       1.02487454E-03       1.67594684E-03
    54.0000       1.21524283E-03       3.43914483E-03       1.02369570E-03       1.67384866E-03
    54.1000       1.21477596E-03       3.43270849E-03       1.02260158E-03       1.67175806E-03
    54.2000       1.21426761E-03       3.42625397E-03       1.02163427E-03       1.66967381E-03
    54.3000       1.21373083E-03       3.41977526E-03       1.02082405E-03       1.66759449E-03
    54.4000       1.21317910E-03       3.41326647E-03       1.02017836E-03       1.66551887E-03
    54.5000       1.21262608E-03       3.40672198E-03       1.01967455E-03       1.66344438E-03
    54.6000       1.21208535E-03       3.40013674E-03       1.01926225E-03       1.66136713E-03
    54.7000       1.21156995E-03       3.39350669E-03       1.01887927E-03       1.65928431E-03
    54.8000       1.21109181E-03       3.38682948E-03       1.01847381E-03       1.65719460E-03
    54.9000       1.21066121E-03       3.38010494E-03       1.01801646E-03       1.65509719E-03
    55.0000       1.21028620E-03       3.37333556E-03       1.01749281E-03       1.65299170E-03
    55.1000       1.20997217E-03       3.36652651E-03       1.01688665E-03       1.65087824E-03
    55.2000       1.20972160E-03       3.35968529E-03       1.01617042E-03       1.64875791E-03
    55.3000       1.20953407E-03       3.35282098E-03       1.01530876E-03       1.64663269E-03
    55.4000       1.20940646E-03       3.34594331E-03       1.01427034E-03       1.64450454E-03
    55.5000       1.20933338E-03       3.33906165E-03       1.01304029E-03       1.64237521E-03
    55.6000       1.20930768E-03       3.33218403E-03       1.01162681E-03       1.64024724E-03
    55.7000       1.20932108E-03       3.32531667E-03       1.01005715E-03       1.63812464E-03
    55.8000       1.20936479E-03       3.31846386E-03       1.00836454E-03       1.63601237E-03
    55.9000       1.20943016E-03       3.31162816E-03       1.00657512E-03       1.63391543E-03
    56.0000       1.20950927E-03       3.30481088E-03       1.00470410E-03       1.63183810E-03
    56.1000       1.20959549E-03       3.29801266E-03       1.00276189E-03       1.62978350E-03
    56.2000       1.20968405E-03       3.29123398E-03       1.00076322E-03       1.62775322E-03
    56.3000       1.20977253E-03       3.28447545E-03       9.98731717E-04       1.62574752E-03
    56.4000       1.20986121E-03       3.27773789E-03       9.96698807E-04       1.62376591E-03
    56.5000       1.20995337E-03       3.27102206E-03       9.94697213E-04       1.62180736E-03
    56.6000       1.21005535E-03       3.26432833E-03       9.92750240E-04       1.61987001E-03
    56.7000       1.21017655E-03       3.25765640E-03       9.90860443E-04       1.61795146E-03
    56.8000       1.21032924E-03       3.25100513E-03       9.89003921E-04       1.61604848E-03
    56.9000       1.21052822E-03       3.24437260E-03       9.87137368E-04       1.61415602E-03
    57.0000       1.21079044E-03       3.23775628E-03       9.85214881E-04       1.61226872E-03
    57.1000       1.21113453E-03       3.23115334E-03       9.83204011E-04       1.61038236E-03
    57.2000       1.21158020E-03       3.22456112E-03       9.81097696E-04       1.60849414E-03
    57.3000       1.21214756E-03       3.21797766E-03       9.78930853E-04       1.60660300E-03
    57.4000       1.21285640E-03       3.21140215E-03       9.76791715E-04       1.60471005E-03
    57.5000       1.21372538E-03       3.20483533E-03       9.74794922E-04       1.60281838E-03
    57.6000       1.21477121E-03       3.19827972E-03       9.73025600E-04       1.60093199E-03
    57.7000       1.21600807E-03       3.19173967E-03       9.71513067E-04       1.59905478E-03
    57.8000       1.21744720E-03       3.18522121E-03       9.70245672E-04       1.59719056E-03
    57.9000       1.21909687E-03       3.17873184E-03       9.69167627E-04       1.59534327E-03
    58.0000       1.22096274E-03       3.17228014E-03       9.68144310E-04       1.59351755E-03
    58.1000       1.22304861E-03       3.16587544E-03       9.66973507E-04       1.59171898E-03
    58.2000       1.22535733E-03       3.15952752E-03       9.65484068E-04       1.58995338E-03
    58.3000       1.22789192E-03       3.15324636E-03       9.63641934E-04       1.58822587E-03
    58.4000       1.23065653E-03       3.14704193E-03       9.61550108E-04       1.58654048E-03
    58.5000       1.23365719E-03       3.14092399E-03       9.59343817E-04       1.58490036E-03
    58.6000       1.23690222E-03       3.13490189E-03       9.57099603E-04       1.58330834E-03
    58.7000       1.24040231E-03       3.12898429E-03       9.54830953E-04       1.58176691E-03
    58.8000       1.24417025E-03       3.12317897E-03       9.52535858E-04       1.58027773E-03
    58.9000       1.24822041E-03       3.11749251E-03       9.50240478E-04       1.57884173E-03
    59.0000       1.25256799E-03       3.11193027E-03       9.48006928E-04       1.57745940E-03
    59.1000       1.25722825E-03       3.10649621E-03       9.45910628E-04       1.57613072E-03
    59.2000       1.26221560E-03       3.10119299E-03       9.44017010E-04       1.57485521E-03
    59.3000       1.26754284E-03       3.09602203E-03       9.42374705E-04       1.57363279E-03
    59.4000       1.27322038E-03       3.09098359E-03       9.41010626E-04       1.57246504E-03
    59.5000       1.27925560E-03       3.08607686E-03       9.39917256E-04       1.57135555E-03
    59.6000       1.28565231E-03       3.08130025E-03       9.39051009E-04       1.57030859E-03
    59.7000       1.29241031E-03       3.07665175E-03       9.38351092E-04       1.56932697E-03
    59.8000       1.29952516E-03       3.07212941E-03       9.37757514E-04       1.56841168E-03
    59.9000       1.30698799E-03       3.06773163E-03       9.37215020E-04       1.56756276E-03
    60.0000       1.31478547E-03       3.06345747E-03       9.36673285E-04       1.56677915E-03
    60.1000       1.32290001E-03       3.05930658E-03       9.36093940E-04       1.56605954E-03
    60.2000       1.33131002E-03       3.05527915E-03       9.35459117E-04       1.56540383E-03
    60.3000       1.33999042E-03       3.05137577E-03       9.34769966E-04       1.56481067E-03
    60.4000       1.34891322E-03       3.04759729E-03       9.34034074E-04       1.56428058E-03
    60.5000       1.35804836E-03       3.04394472E-03       9.33257452E-04       1.56381846E-03
    60.6000       1.36736452E-03       3.04041907E-03       9.32449551E-04       1.56342562E-03
    60.7000       1.37683010E-03       3.03702127E-03       9.31629994E-04       1.56310171E-03
    60.8000       1.38641418E-03       3.03375199E-03       9.30825060E-04       1.56284996E-03
    60.9000       1.39608737E-03       3.03061159E-03       9.30055975E-04       1.56267210E-03
    61.0000       1.40582269E-03       3.02760017E-03       9.29329359E-04       1.56256876E-03
    61.1000       1.41559623E-03       3.02471757E-03       9.28636957E-04       1.56254136E-03
    61.2000       1.42538773E-03       3.02196356E-03       9.27965500E-04       1.56258986E-03
    61.3000       1.43518095E-03       3.01933815E-03       9.27309071E-04       1.56271357E-03
    61.4000       1.44496374E-03       3.01684183E-03       9.26674556E-04       1.56291246E-03
    61.5000       1.45472795E-03       3.01447602E-03       9.26077833E-04       1.56318591E-03
    61.6000       1.46446902E-03       3.01224330E-03       9.25537193E-04       1.56353188E-03
    61.7000       1.47418549E-03       3.01014765E-03       9.25070016E-04       1.56394775E-03
    61.8000       1.48387830E-03       3.00819447E-03       9.24691744E-04       1.56443042E-03
    61.9000       1.49355025E-03       3.00639037E-03       9.24414400E-04       1.56497694E-03
    62.0000       1.50320538E-03       3.00474295E-03       9.24244694E-04       1.56558616E-03
    62.1000       1.51284850E-03       3.00326033E-03       9.24183555E-04       1.56625922E-03
    62.2000       1.52248472E-03       3.00195042E-03       9.24227019E-04       1.56699764E-03
    62.3000       1.53211901E-03       3.00082040E-03       9.24367090E-04       1.56780280E-03
    62.4000       1.54175584E-03       2.99987590E-03       9.24591805E-04       1.56867492E-03
    62.5000       1.55139875E-03       2.99912052E-03       9.24885477E-04       1.56961351E-03
    62.6000       1.56105007E-03       2.99855544E-03       9.25230503E-04       1.57061795E-03
    62.7000       1.57071069E-03       2.99817923E-03       9.25610436E-04       1.57168682E-03
    62.8000       1.58037991E-03       2.99798797E-03       9.26013546E-04       1.57281808E-03
    62.9000       1.59005543E-03       2.99797545E-03       9.26435543E-04       1.57401070E-03
    63.0000       1.59973348E-03       2.99813367E-03       9.26880873E-04       1.57526494E-03
    63.1000       1.60940897E-03       2.99845332E-03       9.27361542E-04       1.57658110E-03
    63.2000       1.61907581E-03       2.99892445E-03       9.27894150E-04       1.57795880E-03
    63.3000       1.62872721E-03       2.99953707E-03       9.28495529E-04       1.57939721E-03
    63.4000       1.63835605E-03       3.00028177E-03       9.29178730E-04       1.58089565E-03
    63.5000       1.64795517E-03       3.00115016E-03       9.29950203E-04       1.58245362E-03
    63.6000       1.65751769E-03       3.00213522E-03       9.30809053E-04       1.58407029E-03
    63.7000       1.66703724E-03       3.00323148E-03       9.31748157E-04       1.58574434E-03
    63.8000       1.67650811E-03       3.00443499E-03       9.32757010E-04       1.58747410E-03
    63.9000       1.68592535E-03       3.00574313E-03       9.33824653E-04       1.58925762E-03
    64.0000       1.69528474E-03       3.00715439E-03       9.34941748E-04       1.59109275E-03
    64.1000       1.70458276E-03       3.00866804E-03       9.36101164E-04       1.59297721E-03
    64.2000       1.71381644E-03       3.01028381E-03       9.37297672E-04       1.59490888E-03
    64.3000       1.72298319E-03       3.01200154E-03       9.38526860E-04       1.59688591E-03
    64.4000       1.73208060E-03       3.01382097E-03       9.39783043E-04       1.59890636E-03
    64.5000       1.74110618E-03       3.01574177E-03       9.41057240E-04       1.60096755E-03
    64.6000       1.75005720E-03       3.01776339E-03       9.42339068E-04       1.60306585E-03
    64.7000       1.75893042E-03       3.01988510E-03       9.43623648E-04       1.60519714E-03
    64.8000       1.76772206E-03       3.02210597E-03       9.44919923E-04       1.60735778E-03
    64.9000       1.77642762E-03       3.02442466E-03       9.46252598E-04       1.60954538E-03
    65.0000       1.78504197E-03       3.02683926E-03       9.47651333E-04       1.61175830E-03
    65.1000       1.79355941E-03       3.02934710E-03       9.49131086E-04       1.61399517E-03
    65.2000       1.80197374E-03       3.03194458E-03       9.50676159E-04       1.61625498E-03
    65.3000       1.81027847E-03       3.03462711E-03       9.52239998E-04       1.61853707E-03
    65.4000       1.81846694E-03       3.03738915E-03       9.53762182E-04       1.62084083E-03
    65.5000       1.82653253E-03       3.04022445E-03       9.55193540E-04       1.62316520E-03
    65.6000       1.83446878E-03       3.04312631E-03       9.56515486E-04       1.62550794E-03
    65.7000       1.84226952E-03       3.04608794E-03       9.57742877E-04       1.62786507E-03
    65.8000       1.84992897E-03       3.04910282E-03       9.58906002E-04       1.63023129E-03
    65.9000       1.85744171E-03       3.05216499E-03       9.60025708E-04       1.63260097E-03
    66.0000       1.86480273E-03       3.05526930E-03       9.61104709E-04       1.63496909E-03
    66.1000       1.87200733E-03       3.05841164E-03       9.62138979E-04       1.63733258E-03
    66.2000       1.87905109E-03       3.06158902E-03       9.63130996E-04       1.63969010E-03
    66.3000       1.88592974E-03       3.06479966E-03       9.64092975E-04       1.64203983E-03
    66.4000       1.89263910E-03       3.06804306E-03       9.65042925E-04       1.64437962E-03
    66.5000       1.89917504E-03       3.07131999E-03       9.65999175E-04       1.64670848E-03
    66.6000       1.90553338E-03       3.07463238E-03       9.66975825E-04       1.64902682E-03
    66.7000       1.91170994E-03       3.07798313E-03       9.67980037E-04       1.65133559E-03
    66.8000       1.91770051E-03       3.08137591E-03       9.69012128E-04       1.65363630E-03
    66.9000       1.92350089E-03       3.08481469E-03       9.70067276E-04       1.65593022E-03
    67.0000       1.92910699E-03       3.08830351E-03       9.71137713E-04       1.65821748E-03
    67.1000       1.93451488E-03       3.09184602E-03       9.72216227E-04       1.66049766E-03
    67.2000       1.93972089E-03       3.09544521E-03       9.73300037E-04       1.66277081E-03
    67.3000       1.94472173E-03       3.09910321E-03       9.74392073E-04       1.66503736E-03
    67.4000       1.94951461E-03       3.10282112E-03       9.75498605E-04       1.66729786E-03
    67.5000       1.95409738E-03       3.10659900E-03       9.76625173E-04       1.66955336E-03
    67.6000       1.95846863E-03       3.11043587E-03       9.77774692E-04       1.67180542E-03
    67.7000       1.96262780E-03       3.11432990E-03       9.78948381E-04       1.67405563E-03
    67.8000       1.96657533E-03       3.11827857E-03       9.80147897E-04       1.67630542E-03
    67.9000       1.97031275E-03       3.12227890E-03       9.81376444E-04       1.67855598E-03
    68.0000       1.97384276E-03       3.12632769E-03       9.82638512E-04       1.68080808E-03
    68.1000       1.97716935E-03       3.13042175E-03       9.83939428E-04       1.68306174E-03
    68.2000       1.98029785E-03       3.13455810E-03       9.85284835E-04       1.68531654E-03
    68.3000       1.98323501E-03       3.13873404E-03       9.86680810E-04       1.68757269E-03
    68.4000       1.98598903E-03       3.14294721E-03       9.88134619E-04       1.68983144E-03
    68.5000       1.98856960E-03       3.14719567E-03       9.89656048E-04       1.69209428E-03
    68.6000       1.99098793E-03       3.15147780E-03       9.91257708E-04       1.69436216E-03
    68.7000       1.99325666E-03       3.15579225E-03       9.92952657E-04       1.69663569E-03
    68.8000       1.99538988E-03       3.16013795E-03       9.94749376E-04       1.69891551E-03
    68.9000       1.99740301E-03       3.16451400E-03       9.96646681E-04       1.70120237E-03
    69.0000       1.99931268E-03       3.16891973E-03       9.98631804E-04       1.70349683E-03
    69.1000       2.00113661E-03       3.17335461E-03       1.00068257E-03       1.70579925E-03
    69.2000       2.00289337E-03       3.17781828E-03       1.00277059E-03       1.70810973E-03
    69.3000       2.00460226E-03       3.18231047E-03       1.00486284E-03       1.71042821E-03
    69.4000       2.00628297E-03       3.18683093E-03       1.00692336E-03       1.71275452E-03
    69.5000       2.00795539E-03       3.19137933E-03       1.00892065E-03       1.71508851E-03
    69.6000       2.00963928E-03       3.19595519E-03       1.01083961E-03       1.71743026E-03
    69.7000       2.01135401E-03       3.20055778E-03       1.01268724E-03       1.71978030E-03
    69.8000       2.01311820E-03       3.20518595E-03       1.01448356E-03       1.72213937E-03
    69.9000       2.01494949E-03       3.20983809E-03       1.01624491E-03       1.72450804E-03
    70.0000       2.01686423E-03       3.21451206E-03       1.01797451E-03       1.72688661E-03
    70.1000       2.01887725E-03       3.21920518E-03       1.01966634E-03       1.72927535E-03
    70.2000       2.02100174E-03       3.22391420E-03       1.02131497E-03       1.73167470E-03
    70.3000       2.02324911E-03       3.22863542E-03       1.02292024E-03       1.73408540E-03
    70.4000       2.02562901E-03       3.23336473E-03       1.02448531E-03       1.73650829E-03
    70.5000       2.02814941E-03       3.23809764E-03       1.02601355E-03       1.73894422E-03
    70.6000       2.03081673E-03       3.24282944E-03       1.02750795E-03       1.74139428E-03
    70.7000       2.03363605E-03       3.24755520E-03       1.02897185E-03       1.74385965E-03
    70.8000       2.03661137E-03       3.25226992E-03       1.03040917E-03       1.74634059E-03
    70.9000       2.03974581E-03       3.25696864E-03       1.03182484E-03       1.74883568E-03
    71.0000       2.04304186E-03       3.26164657E-03       1.03322521E-03       1.75134269E-03
    71.1000       2.04650151E-03       3.26629921E-03       1.03461794E-03       1.75386015E-03
    71.2000       2.05012643E-03       3.27092249E-03       1.03601132E-03       1.75638769E-03
    71.3000       2.05391797E-03       3.27551289E-03       1.03741328E-03       1.75892518E-03
    71.4000       2.05787722E-03       3.28006761E-03       1.03883126E-03       1.76147362E-03
    71.5000       2.06200501E-03       3.28458463E-03       1.04027219E-03       1.76403645E-03
    71.6000       2.06630183E-03       3.28906287E-03       1.04174212E-03       1.76661616E-03
    71.7000       2.07076786E-03       3.29350219E-03       1.04324553E-03       1.76921335E-03
    71.8000       2.07540294E-03       3.29790343E-03       1.04478488E-03       1.77182873E-03
    71.9000       2.08020657E-03       3.30226834E-03       1.04636151E-03       1.77446228E-03
    72.0000       2.08517793E-03       3.30659948E-03       1.04797772E-03       1.77711316E-03
    72.1000       2.09031588E-03       3.31090010E-03       1.04963861E-03       1.77978105E-03
    72.2000       2.09561902E-03       3.31517396E-03       1.05135111E-03       1.78246687E-03
    72.3000       2.10108574E-03       3.31942516E-03       1.05312088E-03       1.78517290E-03
    72.4000       2.10671418E-03       3.32365798E-03       1.05495215E-03       1.78790165E-03
    72.5000       2.11250236E-03       3.32787670E-03       1.05685452E-03       1.79065457E-03
    72.6000       2.11844814E-03       3.33208547E-03       1.05884952E-03       1.79343231E-03
    72.7000       2.12454933E-03       3.33628814E-03       1.06096647E-03       1.79623557E-03
    72.8000       2.13080370E-03       3.34048818E-03       1.06322904E-03       1.79906536E-03
    72.9000       2.13720908E-03       3.34468846E-03       1.06564238E-03       1.80192260E-03
    73.0000       2.14376340E-03       3.34889124E-03       1.06818349E-03       1.80480793E-03
    73.1000       2.15046480E-03       3.35309808E-03       1.07079779E-03       1.80772180E-03
    73.2000       2.15731169E-03       3.35730983E-03       1.07340883E-03       1.81066459E-03
    73.3000       2.16430283E-03       3.36152668E-03       1.07594155E-03       1.81363658E-03
    73.4000       2.17143743E-03       3.36574820E-03       1.07834584E-03       1.81663804E-03
    73.5000       2.17871517E-03       3.36997345E-03       1.08060502E-03       1.81966923E-03
    73.6000       2.18613623E-03       3.37420114E-03       1.08272788E-03       1.82273041E-03
    73.7000       2.19370128E-03       3.37842971E-03       1.08473500E-03       1.82582173E-03
    73.8000       2.20141143E-03       3.38265751E-03       1.08664963E-03       1.82894303E-03
    73.9000       2.20926811E-03       3.38688289E-03       1.08849347E-03       1.83209379E-03
    74.0000       2.21727290E-03       3.39110441E-03       1.09028328E-03       1.83527317E-03
    74.1000       2.22542738E-03       3.39532091E-03       1.09202792E-03       1.83848007E-03
    74.2000       2.23373285E-03       3.39953158E-03       1.09372880E-03       1.84171319E-03
    74.3000       2.24219012E-03       3.40373599E-03       1.09538375E-03       1.84497103E-03
    74.4000       2.25079921E-03       3.40793399E-03       1.09699135E-03       1.84825196E-03
    74.5000       2.25955919E-03       3.41212564E-03       1.09855365E-03       1.85155432E-03
    74.6000       2.26846788E-03       3.41631101E-03       1.10007713E-03       1.85487667E-03
    74.7000       2.27752175E-03       3.42049003E-03       1.10157172E-03       1.85821807E-03
    74.8000       2.28671582E-03       3.42466240E-03       1.10304753E-03       1.86157804E-03
    74.9000       2.29604368E-03       3.42882761E-03       1.10451127E-03       1.86495581E-03
    75.0000       2.30549761E-03       3.43298486E-03       1.10596566E-03       1.86834949E-03
    75.1000       2.31506886E-03       3.43713327E-03       1.10741269E-03       1.87175571E-03
    75.2000       2.32474793E-03       3.44127194E-03       1.10885704E-03       1.87517036E-03
    75.3000       2.33452503E-03       3.44540009E-03       1.11030552E-03       1.87859078E-03
    75.4000       2.34439048E-03       3.44951708E-03       1.11176302E-03       1.88201695E-03
    75.5000       2.35433520E-03       3.45362243E-03       1.11322943E-03       1.88544971E-03
    75.6000       2.36435108E-03       3.45771583E-03       1.11469996E-03       1.88889012E-03
    75.7000       2.37443131E-03       3.46179701E-03       1.11616801E-03       1.89234065E-03
    75.8000       2.38457060E-03       3.46586566E-03       1.11762761E-03       1.89580458E-03
    75.9000       2.39476534E-03       3.46992133E-03       1.11907472E-03       1.89928463E-03
    76.0000       2.40501355E-03       3.47396345E-03       1.12050750E-03       1.90278259E-03
    76.1000       2.41531487E-03       3.47799130E-03       1.12192590E-03       1.90629863E-03
    76.2000       2.42567035E-03       3.48200404E-03       1.12333099E-03       1.90983093E-03
    76.3000       2.43608227E-03       3.48600085E-03       1.12472437E-03       1.91337726E-03
    76.4000       2.44655388E-03       3.48998093E-03       1.12610785E-03       1.91693743E-03
    76.5000       2.45708912E-03       3.49394354E-03       1.12748322E-03       1.92051229E-03
    76.6000       2.46769234E-03       3.49788802E-03       1.12885183E-03       1.92410250E-03
    76.7000       2.47836804E-03       3.50181371E-03       1.13021395E-03       1.92770919E-03
    76.8000       2.48912058E-03       3.50571983E-03       1.13156845E-03       1.93133314E-03
    76.9000       2.49995398E-03       3.50960540E-03       1.13291301E-03       1.93497480E-03
    77.0000       2.51087171E-03       3.51346912E-03       1.13424492E-03       1.93863472E-03
    77.1000       2.52187656E-03       3.51730936E-03       1.13556197E-03       1.94231401E-03
    77.2000       2.53297047E-03       3.52112416E-03       1.13686327E-03       1.94601397E-03
    77.3000       2.54415451E-03       3.52491129E-03       1.13814958E-03       1.94973522E-03
    77.4000       2.55542880E-03       3.52866838E-03       1.13942310E-03       1.95347770E-03
    77.5000       2.56679247E-03       3.53239308E-03       1.14068686E-03       1.95724150E-03
    77.6000       2.57824362E-03       3.53608321E-03       1.14194397E-03       1.96102675E-03
    77.7000       2.58977940E-03       3.53973697E-03       1.14319719E-03       1.96483303E-03
    77.8000       2.60139592E-03       3.54335304E-03       1.14444889E-03       1.96865945E-03
    77.9000       2.61308834E-03       3.54693060E-03       1.14570158E-03       1.97250526E-03
    78.0000       2.62485089E-03       3.55046934E-03       1.14695844E-03       1.97636978E-03
    78.1000       2.63667694E-03       3.55396935E-03       1.14822353E-03       1.98025223E-03
    78.2000       2.64855909E-03       3.55743098E-03       1.14950162E-03       1.98415201E-03
    78.3000       2.66048926E-03       3.56085473E-03       1.15079792E-03       1.98806899E-03
    78.4000       2.67245887E-03       3.56424107E-03       1.15211775E-03       1.99200329E-03
    78.5000       2.68445892E-03       3.56759042E-03       1.15346623E-03       1.99595491E-03
    78.6000       2.69648018E-03       3.57090307E-03       1.15484786E-03       1.99992362E-03
    78.7000       2.70851330E-03       3.57417915E-03       1.15626631E-03       2.00390896E-03
    78.8000       2.72054901E-03       3.57741863E-03       1.15772418E-03       2.00791035E-03
    78.9000       2.73257824E-03       3.58062150E-03       1.15922289E-03       2.01192726E-03
    79.0000       2.74459229E-03       3.58378781E-03       1.16076252E-03       2.01595924E-03
    79.1000       2.75658295E-03       3.58691794E-03       1.16234201E-03       2.02000609E-03
    79.2000       2.76854272E-03       3.59001276E-03       1.16395925E-03       2.02406793E-03
    79.3000       2.78046485E-03       3.59307378E-03       1.16561155E-03       2.02814509E-03
    79.4000       2.79234356E-03       3.59610316E-03       1.16729622E-03       2.03223790E-03
    79.5000       2.80417411E-03       3.59910371E-03       1.16901076E-03       2.03634657E-03
    79.6000       2.81595289E-03       3.60207872E-03       1.17075304E-03       2.04047117E-03
    79.7000       2.82767754E-03       3.60503186E-03       1.17252147E-03       2.04461159E-03
    79.8000       2.83934695E-03       3.60796695E-03       1.17431492E-03       2.04876763E-03
    79.9000       2.85096128E-03       3.61088783E-03       1.17613263E-03       2.05293898E-03
    80.0000       2.86252197E-03       3.61379825E-03       1.17797410E-03       2.05712521E-03
    80.1000       2.87403168E-03       3.61670176E-03       1.17983898E-03       2.06132573E-03
    80.2000       2.88549428E-03       3.61960167E-03       1.18172690E-03       2.06553989E-03
    80.3000       2.89691474E-03       3.62250101E-03       1.18363741E-03       2.06976707E-03
    80.4000       2.90829909E-03       3.62540256E-03       1.18556970E-03       2.07400685E-03
    80.5000       2.91965431E-03       3.62830890E-03       1.18752238E-03       2.07825895E-03
    80.6000       2.93098823E-03       3.63122247E-03       1.18949330E-03       2.08252326E-03
    80.7000       2.94230940E-03       3.63414559E-03       1.19147938E-03       2.08679969E-03
    80.8000       2.95362698E-03       3.63708046E-03       1.19347679E-03       2.09108815E-03
    80.9000       2.96495057E-03       3.64002914E-03       1.19548092E-03       2.09538856E-03
    81.0000       2.97629010E-03       3.64299347E-03       1.19748650E-03       2.09970084E-03
    81.1000       2.98765564E-03       3.64597509E-03       1.19948807E-03       2.10402491E-03
    81.2000       2.99905731E-03       3.64897535E-03       1.20148072E-03       2.10836067E-03
    81.3000       3.01050511E-03       3.65199534E-03       1.20346070E-03       2.11270802E-03
    81.4000       3.02200882E-03       3.65503588E-03       1.20542586E-03       2.11706690E-03
    81.5000       3.03357790E-03       3.65809746E-03       1.20737548E-03       2.12143724E-03
    81.6000       3.04522141E-03       3.66118025E-03       1.20930906E-03       2.12581894E-03
    81.7000       3.05694794E-03       3.66428415E-03       1.21122527E-03       2.13021181E-03
    81.8000       3.06876551E-03       3.66740862E-03       1.21312153E-03       2.13461553E-03
    81.9000       3.08068159E-03       3.67055276E-03       1.21499435E-03       2.13902968E-03
    82.0000       3.09270296E-03       3.67371520E-03       1.21684030E-03       2.14345379E-03
    82.1000       3.10483571E-03       3.67689408E-03       1.21865690E-03       2.14788730E-03
    82.2000       3.11708522E-03       3.68008696E-03       1.22044305E-03       2.15232960E-03
    82.3000       3.12945603E-03       3.68329087E-03       1.22219915E-03       2.15677996E-03
    82.4000       3.14195190E-03       3.68650223E-03       1.22392650E-03       2.16123758E-03
    82.5000       3.15457577E-03       3.68971702E-03       1.22562669E-03       2.16570156E-03
    82.6000       3.16732981E-03       3.69293076E-03       1.22730140E-03       2.17017091E-03
    82.7000       3.18021544E-03       3.69613876E-03       1.22895226E-03       2.17464456E-03
    82.8000       3.19323350E-03       3.69933619E-03       1.23058087E-03       2.17912144E-03
    82.9000       3.20638435E-03       3.70251829E-03       1.23218888E-03       2.18360050E-03
    83.0000       3.21966801E-03       3.70568044E-03       1.23377802E-03       2.18808073E-03
    83.1000       3.23308430E-03       3.70881824E-03       1.23534999E-03       2.19256118E-03
    83.2000       3.24663295E-03       3.71192760E-03       1.23690642E-03       2.19704087E-03
    83.3000       3.26031359E-03       3.71500478E-03       1.23844893E-03       2.20151876E-03
    83.4000       3.27412578E-03       3.71804643E-03       1.23997922E-03       2.20599374E-03
    83.5000       3.28806893E-03       3.72104961E-03       1.24149895E-03       2.21046460E-03
    83.6000       3.30214214E-03       3.72401179E-03       1.24300999E-03       2.21493018E-03
    83.7000       3.31634411E-03       3.72693089E-03       1.24451430E-03       2.21938944E-03
    83.8000       3.33067301E-03       3.72980525E-03       1.24601373E-03       2.22384160E-03
    83.9000       3.34512629E-03       3.73263366E-03       1.24751003E-03       2.22828623E-03
    84.0000       3.35970065E-03       3.73541530E-03       1.24900485E-03       2.23272312E-03
    84.1000       3.37439190E-03       3.73814976E-03       1.25049945E-03       2.23715221E-03
    84.2000       3.38919494E-03       3.74083693E-03       1.25199487E-03       2.24157353E-03
    84.3000       3.40410373E-03       3.74347704E-03       1.25349204E-03       2.24598714E-03
    84.4000       3.41911132E-03       3.74607057E-03       1.25499160E-03       2.25039315E-03
    84.5000       3.43420989E-03       3.74861830E-03       1.25649372E-03       2.25479171E-03
    84.6000       3.44939077E-03       3.75112122E-03       1.25799822E-03       2.25918304E-03
    84.7000       3.46464460E-03       3.75358064E-03       1.25950447E-03       2.26356745E-03
    84.8000       3.47996144E-03       3.75599813E-03       1.26101165E-03       2.26794530E-03
    84.9000       3.49533084E-03       3.75837561E-03       1.26251905E-03       2.27231694E-03
    85.0000       3.51074210E-03       3.76071536E-03       1.26402621E-03       2.27668272E-03
    85.1000       3.52618430E-03       3.76302000E-03       1.26553303E-03       2.28104300E-03
    85.2000       3.54164656E-03       3.76529256E-03       1.26703969E-03       2.28539818E-03
    85.3000       3.55711805E-03       3.76753653E-03       1.26854660E-03       2.28974863E-03
    85.4000       3.57258822E-03       3.76975594E-03       1.27005443E-03       2.29409472E-03
    85.5000       3.58804678E-03       3.77195531E-03       1.27156396E-03       2.29843680E-03
    85.6000       3.60348381E-03       3.77413967E-03       1.27307588E-03       2.30277528E-03
    85.7000       3.61888979E-03       3.77631452E-03       1.27459062E-03       2.30711052E-03
    85.8000       3.63425561E-03       3.77848572E-03       1.27610871E-03       2.31144294E-03
    85.9000       3.64957262E-03       3.78065931E-03       1.27763092E-03       2.31577293E-03
    86.0000       3.66483268E-03       3.78284143E-03       1.27915815E-03       2.32010090E-03
    86.1000       3.68002823E-03       3.78503809E-03       1.28069152E-03       2.32442721E-03
    86.2000       3.69515235E-03       3.78725506E-03       1.28223238E-03       2.32875220E-03
    86.3000       3.71019895E-03       3.78949783E-03       1.28378226E-03       2.33307619E-03
    86.4000       3.72516284E-03       3.79177151E-03       1.28534299E-03       2.33739945E-03
    86.5000       3.74003985E-03       3.79408086E-03       1.28691634E-03       2.34172219E-03
    86.6000       3.75482696E-03       3.79643024E-03       1.28850394E-03       2.34604456E-03
    86.7000       3.76952232E-03       3.79882368E-03       1.29010718E-03       2.35036666E-03
    86.8000       3.78412523E-03       3.80126483E-03       1.29172723E-03       2.35468850E-03
    86.9000       3.79863610E-03       3.80375707E-03       1.29336500E-03       2.35901004E-03
    87.0000       3.81305629E-03       3.80630346E-03       1.29502120E-03       2.36333117E-03
    87.1000       3.82738794E-03       3.80890670E-03       1.29669649E-03       2.36765172E-03
    87.2000       3.84163376E-03       3.81156919E-03       1.29839164E-03       2.37197147E-03
    87.3000       3.85579671E-03       3.81429292E-03       1.30010787E-03       2.37629013E-03
    87.4000       3.86987982E-03       3.81707947E-03       1.30184679E-03       2.38060741E-03
    87.5000       3.88388584E-03       3.81992996E-03       1.30361006E-03       2.38492293E-03
    87.6000       3.89781700E-03       3.82284501E-03       1.30539930E-03       2.38923631E-03
    87.7000       3.91167479E-03       3.82582476E-03       1.30721586E-03       2.39354713E-03
    87.8000       3.92545972E-03       3.82886885E-03       1.30906050E-03       2.39785495E-03
    87.9000       3.93917117E-03       3.83197645E-03       1.31093320E-03       2.40215929E-03
    88.0000       3.95280720E-03       3.83514629E-03       1.31283328E-03       2.40645968E-03
    88.1000       3.96636451E-03       3.83837675E-03       1.31475923E-03       2.41075561E-03
    88.2000       3.97983837E-03       3.84166581E-03       1.31670878E-03       2.41504658E-03
    88.3000       3.99322262E-03       3.84501119E-03       1.31867916E-03       2.41933210E-03
    88.4000       4.00650975E-03       3.84841039E-03       1.32066740E-03       2.42361171E-03
    88.5000       4.01969096E-03       3.85186065E-03       1.32267046E-03       2.42788501E-03
    88.6000       4.03275632E-03       3.85535911E-03       1.32468547E-03       2.43215160E-03
    88.7000       4.04569498E-03       3.85890274E-03       1.32670993E-03       2.43641119E-03
    88.8000       4.05849534E-03       3.86248845E-03       1.32874190E-03       2.44066349E-03
    88.9000       4.07114534E-03       3.86611312E-03       1.33078031E-03       2.44490827E-03
    89.0000       4.08363270E-03       3.86977365E-03       1.33282494E-03       2.44914532E-03
    89.1000       4.09594514E-03       3.87346713E-03       1.33487651E-03       2.45337446E-03
    89.2000       4.10807071E-03       3.87719083E-03       1.33693630E-03       2.45759552E-03
    89.3000       4.11999797E-03       3.88094227E-03       1.33900584E-03       2.46180837E-03
    89.4000       4.13171621E-03       3.88471931E-03       1.34108672E-03       2.46601293E-03
    89.5000       4.14321564E-03       3.88852013E-03       1.34318055E-03       2.47020913E-03
    89.6000       4.15448754E-03       3.89234319E-03       1.34528885E-03       2.47439692E-03
    89.7000       4.16552438E-03       3.89618720E-03       1.34741258E-03       2.47857629E-03
    89.8000       4.17631982E-03       3.90005106E-03       1.34955214E-03       2.48274722E-03
    89.9000       4.18686886E-03       3.90393383E-03       1.35170762E-03       2.48690968E-03
    90.0000       4.19716771E-03       3.90783469E-03       1.35387892E-03       2.49106362E-03
    90.1000       4.20721389E-03       3.91175286E-03       1.35606617E-03       2.49520898E-03
    90.2000       4.21700608E-03       3.91568759E-03       1.35826933E-03       2.49934563E-03
    90.3000       4.22654412E-03       3.91963812E-03       1.36048753E-03       2.50347343E-03
    90.4000       4.23582889E-03       3.92360381E-03       1.36271907E-03       2.50759219E-03
    90.5000       4.24486225E-03       3.92758408E-03       1.36496194E-03       2.51170162E-03
    90.6000       4.25364692E-03       3.93157845E-03       1.36721435E-03       2.51580139E-03
    90.7000       4.26218638E-03       3.93558647E-03       1.36947511E-03       2.51989110E-03
    90.8000       4.27048479E-03       3.93960777E-03       1.37174377E-03       2.52397038E-03
    90.9000       4.27854689E-03       3.94364199E-03       1.37402033E-03       2.52803880E-03
    91.0000       4.28637785E-03       3.94768872E-03       1.37630534E-03       2.53209593E-03
    91.1000       4.29398329E-03       3.95174748E-03       1.37859981E-03       2.53614136E-03
    91.2000       4.30136907E-03       3.95581770E-03       1.38090510E-03       2.54017471E-03
    91.3000       4.30854131E-03       3.95989852E-03       1.38322257E-03       2.54419556E-03
    91.4000       4.31550629E-03       3.96398885E-03       1.38555310E-03       2.54820342E-03
    91.5000       4.32227038E-03       3.96808725E-03       1.38789672E-03       2.55219784E-03
    91.6000       4.32883999E-03       3.97219194E-03       1.39025263E-03       2.55617841E-03
    91.7000       4.33522153E-03       3.97630070E-03       1.39261927E-03       2.56014470E-03
    91.8000       4.34142138E-03       3.98041085E-03       1.39499400E-03       2.56409625E-03
    91.9000       4.34744582E-03       3.98451922E-03       1.39737304E-03       2.56803259E-03
    92.0000       4.35330102E-03       3.98862206E-03       1.39975191E-03       2.57195331E-03
    92.1000       4.35899301E-03       3.99271513E-03       1.40212571E-03       2.57585798E-03
    92.2000       4.36452762E-03       3.99679366E-03       1.40448981E-03       2.57974618E-03
    92.3000       4.36991047E-03       4.00085263E-03       1.40684029E-03       2.58361745E-03
    92.4000       4.37514694E-03       4.00488677E-03       1.40917401E-03       2.58747138E-03
    92.5000       4.38024214E-03       4.00889077E-03       1.41148875E-03       2.59130756E-03
    92.6000       4.38520088E-03       4.01285952E-03       1.41378296E-03       2.59512566E-03
    92.7000       4.39002768E-03       4.01678820E-03       1.41605568E-03       2.59892537E-03
    92.8000       4.39472674E-03       4.02067239E-03       1.41830637E-03       2.60270642E-03
    92.9000       4.39930198E-03       4.02450824E-03       1.42053454E-03       2.60646857E-03
    93.0000       4.40375702E-03       4.02829250E-03       1.42273997E-03       2.61021159E-03
    93.1000       4.40809522E-03       4.03202248E-03       1.42492272E-03       2.61393527E-03
    93.2000       4.41231973E-03       4.03569611E-03       1.42708318E-03       2.61763945E-03
    93.3000       4.41643349E-03       4.03931186E-03       1.42922188E-03       2.62132397E-03
    93.4000       4.42043939E-03       4.04286858E-03       1.43133934E-03       2.62498876E-03
    93.5000       4.42434024E-03       4.04636562E-03       1.43343647E-03       2.62863372E-03
    93.6000       4.42813892E-03       4.04980269E-03       1.43551513E-03       2.63225879E-03
    93.7000       4.43183843E-03       4.05317979E-03       1.43757867E-03       2.63586385E-03
    93.8000       4.43544200E-03       4.05649733E-03       1.43963141E-03       2.63944867E-03
    93.9000       4.43895314E-03       4.05975599E-03       1.44167790E-03       2.64301286E-03
    94.0000       4.44237573E-03       4.06295681E-03       1.44372196E-03       2.64655580E-03
    94.1000       4.44571402E-03       4.06610127E-03       1.44576554E-03       2.65007670E-03
    94.2000       4.44897276E-03       4.06919129E-03       1.44780925E-03       2.65357463E-03
    94.3000       4.45215715E-03       4.07222934E-03       1.44985391E-03       2.65704868E-03
    94.4000       4.45527292E-03       4.07521835E-03       1.45190205E-03       2.66049804E-03
    94.5000       4.45832635E-03       4.07816176E-03       1.45395794E-03       2.66392203E-03
    94.6000       4.46132432E-03       4.08106336E-03       1.45602694E-03       2.66732041E-03
    94.7000       4.46427433E-03       4.08392728E-03       1.45811500E-03       2.67069354E-03
    94.8000       4.46718460E-03       4.08675783E-03       1.46022765E-03       2.67404164E-03
    94.9000       4.47006407E-03       4.08955938E-03       1.46236910E-03       2.67736457E-03
    95.0000       4.47292246E-03       4.09233625E-03       1.46454160E-03       2.68066302E-03
    95.1000       4.47577027E-03       4.09509252E-03       1.46674540E-03       2.68393861E-03
    95.2000       4.47861879E-03       4.09783173E-03       1.46897858E-03       2.68719213E-03
    95.3000       4.48148002E-03       4.10055687E-03       1.47123741E-03       2.69042371E-03
    95.4000       4.48436670E-03       4.10327030E-03       1.47351613E-03       2.69363419E-03
    95.5000       4.48729221E-03       4.10597353E-03       1.47580737E-03       2.69682449E-03
    95.6000       4.49027063E-03       4.10866723E-03       1.47810283E-03       2.69999566E-03
    95.7000       4.49331673E-03       4.11135126E-03       1.48039410E-03       2.70314871E-03
    95.8000       4.49644600E-03       4.11402475E-03       1.48267428E-03       2.70628439E-03
    95.9000       4.49967479E-03       4.11668602E-03       1.48493917E-03       2.70940405E-03
    96.0000       4.50302027E-03       4.11933273E-03       1.48718664E-03       2.71250984E-03
    96.1000       4.50650055E-03       4.12196188E-03       1.48941527E-03       2.71560354E-03
    96.2000       4.51013463E-03       4.12456997E-03       1.49162327E-03       2.71868618E-03
    96.3000       4.51394234E-03       4.12715299E-03       1.49380853E-03       2.72175839E-03
    96.4000       4.51794420E-03       4.12970660E-03       1.49596874E-03       2.72482080E-03
    96.5000       4.52216117E-03       4.13222607E-03       1.49810151E-03       2.72787418E-03
    96.6000       4.52661440E-03       4.13470646E-03       1.50020501E-03       2.73091948E-03
    96.7000       4.53132485E-03       4.13714266E-03       1.50227916E-03       2.73395758E-03
    96.8000       4.53631291E-03       4.13952947E-03       1.50432601E-03       2.73698920E-03
    96.9000       4.54159799E-03       4.14186161E-03       1.50634886E-03       2.74001478E-03
    97.0000       4.54719813E-03       4.14413383E-03       1.50834967E-03       2.74303468E-03
    97.1000       4.55312963E-03       4.14634092E-03       1.51032710E-03       2.74604927E-03
    97.2000       4.55940664E-03       4.14847775E-03       1.51227609E-03       2.74905892E-03
    97.3000       4.56604089E-03       4.15053941E-03       1.51419094E-03       2.75206392E-03
    97.4000       4.57304131E-03       4.15252123E-03       1.51606867E-03       2.75506438E-03
    97.5000       4.58041377E-03       4.15441881E-03       1.51791015E-03       2.75806034E-03
    97.6000       4.58816079E-03       4.15622816E-03       1.51971916E-03       2.76105171E-03
    97.7000       4.59628143E-03       4.15794561E-03       1.52150035E-03       2.76403830E-03
    97.8000       4.60477114E-03       4.15956801E-03       1.52325743E-03       2.76701986E-03
    97.9000       4.61362183E-03       4.16109279E-03       1.52499252E-03       2.76999604E-03
    98.0000       4.62282201E-03       4.16251826E-03       1.52670652E-03       2.77296645E-03
    98.1000       4.63235709E-03       4.16384364E-03       1.52840003E-03       2.77593065E-03
    98.2000       4.64220978E-03       4.16506917E-03       1.53007444E-03       2.77888816E-03
    98.3000       4.65236054E-03       4.16619627E-03       1.53173256E-03       2.78183850E-03
    98.4000       4.66278819E-03       4.16722748E-03       1.53337756E-03       2.78478116E-03
    98.5000       4.67347043E-03       4.16816643E-03       1.53501172E-03       2.78771564E-03
    98.6000       4.68438439E-03       4.16901753E-03       1.53663517E-03       2.79064146E-03
    98.7000       4.69550716E-03       4.16978575E-03       1.53824389E-03       2.79355824E-03
    98.8000       4.70681617E-03       4.17047626E-03       1.53982840E-03       2.79646563E-03
    98.9000       4.71828956E-03       4.17109402E-03       1.54137344E-03       2.79936331E-03
    99.0000       4.72990640E-03       4.17164355E-03       1.54286154E-03       2.80225097E-03
    99.1000       4.74164686E-03       4.17212858E-03       1.54428076E-03       2.80512830E-03
    99.2000       4.75349228E-03       4.17255200E-03       1.54563104E-03       2.80799509E-03
    99.3000       4.76542518E-03       4.17291569E-03       1.54692297E-03       2.81085120E-03
    99.4000       4.77742924E-03       4.17322048E-03       1.54817030E-03       2.81369654E-03
    99.5000       4.78948923E-03       4.17346639E-03       1.54938283E-03       2.81653112E-03
    99.6000       4.80159097E-03       4.17365273E-03       1.55056378E-03       2.81935501E-03
    99.7000       4.81372122E-03       4.17377838E-03       1.55171114E-03       2.82216819E-03
    99.8000       4.82586765E-03       4.17384196E-03       1.55282022E-03       2.82497060E-03
    99.9000       4.83801882E-03       4.17384211E-03       1.55388598E-03       2.82776226E-03
   100.0000       4.85016408E-03       4.17377745E-03       1.55490397E-03       2.83054340E-03
