     0.1000       8.37696335E-02       8.46560847E-02       8.46560847E-02
     0.2000       8.37696335E-02       8.46560847E-02       8.46560847E-02
     0.3000       8.37696335E-02       9.03954802E-02       8.46560847E-02
     0.4000       8.98876404E-02       9.03954802E-02       9.03954802E-02
     0.5000       1.04575163E-01       1.45454545E-01       1.72043011E-01
     0.6000       1.04575163E-01       2.80701754E-01       2.22222222E-01
     0.7000       1.04575163E-01       2.80701754E-01       2.22222222E-01
     0.8000       1.63265306E-01       2.80701754E-01       2.22222222E-01
     0.9000       1.63265306E-01       2.80701754E-01       2.22222222E-01
     1.0000       1.63265306E-01       2.80701754E-01       2.22222222E-01
     1.1000       1.63265306E-01       2.80701754E-01       2.22222222E-01
     1.2000       1.97530864E-01       2.80701754E-01       2.22222222E-01
     1.3000       1.97530864E-01       2.80701754E-01       2.80701754E-01
     1.4000       2.22222222E-01       2.80701754E-01       2.80701754E-01
     1.5000       2.22222222E-01       2.80701754E-01       2.80701754E-01
     1.6000       2.22222222E-01       2.80701754E-01       2.80701754E-01
     1.7000       2.22222222E-01       2.80701754E-01       2.80701754E-01
     1.8000       2.22222222E-01       2.80701754E-01       2.80701754E-01
     1.9000       2.80701754E-01       2.80701754E-01       2.80701754E-01
     2.0000       2.80701754E-01       2.80701754E-01       2.80701754E-01
     2.1000       2.80701754E-01       2.80701754E-01       2.80701754E-01
     2.2000       2.80701754E-01       2.80701754E-01       2.80701754E-01
     2.3000       2.80701754E-01       2.80701754E-01       2.80701754E-01
     2.4000       2.80701754E-01       2.80701754E-01       2.80701754E-01
     2.5000       2.80701754E-01       2.80701754E-01       2.80701754E-01
     2.6000       2.80701754E-01       2.80701754E-01       2.80701754E-01
     2.7000       3.26530612E-01       4.44444444E-01       2.80701754E-01
     2.8000       3.26530612E-01       4.44444444E-01       2.80701754E-01
     2.9000       3.26530612E-01       4.44444444E-01       4.44444444E-01
     3.0000       3.26530612E-01       4.44444444E-01       4.44444444E-01
     3.1000       3.26530612E-01       4.44444444E-01       4.44444444E-01
     3.2000       3.26530612E-01       4.44444444E-01       4.44444444E-01
     3.3000       3.26530612E-01       4.44444444E-01       4.44444444E-01
     3.4000       3.26530612E-01       4.44444444E-01       4.44444444E-01
     3.5000       3.26530612E-01       4.44444444E-01       4.44444444E-01
     3.6000       3.26530612E-01       4.44444444E-01       4.44444444E-01
     3.7000       3.26530612E-01       4.44444444E-01       4.44444444E-01
     3.8000       3.26530612E-01       4.44444444E-01       4.44444444E-01
     3.9000       3.26530612E-01       4.44444444E-01       4.44444444E-01
     4.0000       3.26530612E-01       4.44444444E-01       4.44444444E-01
     4.1000       3.26530612E-01       4.44444444E-01       4.44444444E-01
     4.2000       3.26530612E-01       4.44444444E-01       4.44444444E-01
     4.3000       4.21052632E-01       4.44444444E-01       4.44444444E-01
     4.4000       4.21052632E-01       4.44444444E-01       4.44444444E-01
     4.5000       4.21052632E-01       4.44444444E-01       4.44444444E-01
     4.6000       4.21052632E-01       4.44444444E-01       4.44444444E-01
     4.7000       4.21052632E-01       4.44444444E-01       4.44444444E-01
     4.8000       4.21052632E-01       4.44444444E-01       4.44444444E-01
     4.9000       4.21052632E-01       4.44444444E-01       4.44444444E-01
     5.0000       4.21052632E-01       4.44444444E-01       4.44444444E-01
     5.1000       4.21052632E-01       4.44444444E-01       4.44444444E-01
     5.2000       4.21052632E-01       4.44444444E-01       4.44444444E-01
     5.3000       4.21052632E-01       4.44444444E-01       4.44444444E-01
     5.4000       4.21052632E-01       4.44444444E-01       4.44444444E-01
     5.5000       4.21052632E-01       4.44444444E-01       4.44444444E-01
     5.6000       4.21052632E-01       4.44444444E-01       4.44444444E-01
     5.7000       4.21052632E-01       4.44444444E-01       4.44444444E-01
     5.8000       4.21052632E-01       4.44444444E-01       4.44444444E-01
     5.9000       4.21052632E-01       5.71428571E-01       4.44444444E-01
     6.0000       4.21052632E-01       5.71428571E-01       4.44444444E-01
     6.1000       4.21052632E-01       5.71428571E-01       4.44444444E-01
     6.2000       4.21052632E-01       5.71428571E-01       4.44444444E-01
     6.3000       4.21052632E-01       5.71428571E-01       4.44444444E-01
     6.4000       4.21052632E-01       5.71428571E-01       5.71428571E-01
     6.5000       4.21052632E-01       5.71428571E-01       5.71428571E-01
     6.6000       4.21052632E-01       5.71428571E-01       5.71428571E-01
     6.7000       4.21052632E-01       5.71428571E-01       5.71428571E-01
     6.8000       4.21052632E-01       5.71428571E-01       5.71428571E-01
     6.9000       4.21052632E-01       5.71428571E-01       5.71428571E-01
     7.0000       4.21052632E-01       5.71428571E-01       5.71428571E-01
     7.1000       4.21052632E-01       5.71428571E-01       5.71428571E-01
     7.2000       4.21052632E-01       5.71428571E-01       5.71428571E-01
     7.3000       4.21052632E-01       5.71428571E-01       5.71428571E-01
     7.4000       4.21052632E-01       5.71428571E-01       5.71428571E-01
     7.5000       4.21052632E-01       5.71428571E-01       5.71428571E-01
     7.6000       4.21052632E-01       5.71428571E-01       5.71428571E-01
     7.7000       4.21052632E-01       5.71428571E-01       5.71428571E-01
     7.8000       4.21052632E-01       5.71428571E-01       5.71428571E-01
     7.9000       4.21052632E-01       5.71428571E-01       5.71428571E-01
     8.0000       4.21052632E-01       5.71428571E-01       5.71428571E-01
     8.1000       4.21052632E-01       5.71428571E-01       5.71428571E-01
     8.2000       4.21052632E-01       5.71428571E-01       5.71428571E-01
     8.3000       4.21052632E-01       5.71428571E-01       5.71428571E-01
     8.4000       4.21052632E-01       5.71428571E-01       5.71428571E-01
     8.5000       4.21052632E-01       5.71428571E-01       5.71428571E-01
     8.6000       4.21052632E-01       5.71428571E-01       5.71428571E-01
     8.7000       4.21052632E-01       5.71428571E-01       5.71428571E-01
     8.8000       4.21052632E-01       5.71428571E-01       5.71428571E-01
     8.9000       4.21052632E-01       5.71428571E-01       5.71428571E-01
     9.0000       4.21052632E-01       5.71428571E-01       5.71428571E-01
     9.1000       4.21052632E-01       5.71428571E-01       5.71428571E-01
     9.2000       4.21052632E-01       5.71428571E-01       5.71428571E-01
     9.3000       4.21052632E-01       5.71428571E-01       5.71428571E-01
     9.4000       4.21052632E-01       5.71428571E-01       5.71428571E-01
     9.5000       4.21052632E-01       5.71428571E-01       5.71428571E-01
     9.6000       4.21052632E-01       5.71428571E-01       5.71428571E-01
     9.7000       4.21052632E-01       5.71428571E-01       5.71428571E-01
     9.8000       4.21052632E-01       5.71428571E-01       5.71428571E-01
     9.9000       4.21052632E-01       5.71428571E-01       5.71428571E-01
    10.0000       4.21052632E-01       5.71428571E-01       5.71428571E-01
    10.1000       4.21052632E-01       5.71428571E-01       5.71428571E-01
    10.2000       4.21052632E-01       5.71428571E-01       5.71428571E-01
    10.3000       4.21052632E-01       5.71428571E-01       5.71428571E-01
    10.4000       4.21052632E-01       5.71428571E-01       5.71428571E-01
    10.5000       4.21052632E-01       5.71428571E-01       5.71428571E-01
    10.6000       4.21052632E-01       5.71428571E-01       5.71428571E-01
    10.7000       4.21052632E-01       5.71428571E-01       5.71428571E-01
    10.8000       4.21052632E-01       5.71428571E-01       5.71428571E-01
    10.9000       4.21052632E-01       5.71428571E-01       5.71428571E-01
    11.0000       4.21052632E-01       5.71428571E-01       5.71428571E-01
    11.1000       4.21052632E-01       5.71428571E-01       5.71428571E-01
    11.2000       4.21052632E-01       5.71428571E-01       5.71428571E-01
    11.3000       4.21052632E-01       5.71428571E-01       5.71428571E-01
    11.4000       4.21052632E-01       5.71428571E-01       5.71428571E-01
    11.5000       4.21052632E-01       5.71428571E-01       5.71428571E-01
    11.6000       4.21052632E-01       5.71428571E-01       5.71428571E-01
    11.7000       4.21052632E-01       5.71428571E-01       5.71428571E-01
    11.8000       4.21052632E-01       5.71428571E-01       5.71428571E-01
    11.9000       4.21052632E-01       5.71428571E-01       5.71428571E-01
    12.0000       4.21052632E-01       5.71428571E-01       5.71428571E-01
    12.1000       4.21052632E-01       5.71428571E-01       5.71428571E-01
    12.2000       4.21052632E-01       5.71428571E-01       5.71428571E-01
    12.3000       4.21052632E-01       5.71428571E-01       5.71428571E-01
    12.4000       4.21052632E-01       5.71428571E-01       5.71428571E-01
    12.5000       4.21052632E-01       5.71428571E-01       5.71428571E-01
    12.6000       4.21052632E-01       5.71428571E-01       5.71428571E-01
    12.7000       4.21052632E-01       5.71428571E-01       5.71428571E-01
    12.8000       4.21052632E-01       5.71428571E-01       5.71428571E-01
    12.9000       4.21052632E-01       5.71428571E-01       5.71428571E-01
    13.0000       4.21052632E-01       5.71428571E-01       5.71428571E-01
    13.1000       4.21052632E-01       5.71428571E-01       5.71428571E-01
    13.2000       4.21052632E-01       5.71428571E-01       5.71428571E-01
    13.3000       4.21052632E-01       5.71428571E-01       6.40000000E-01
    13.4000       4.21052632E-01       5.71428571E-01       6.40000000E-01
    13.5000       4.21052632E-01       5.71428571E-01       6.40000000E-01
    13.6000       4.21052632E-01       5.71428571E-01       6.40000000E-01
    13.7000       4.21052632E-01       5.71428571E-01       6.40000000E-01
    13.8000       4.21052632E-01       5.71428571E-01       6.40000000E-01
    13.9000       4.21052632E-01       5.71428571E-01       6.40000000E-01
    14.0000       4.21052632E-01       5.71428571E-01       6.40000000E-01
    14.1000       4.21052632E-01       5.71428571E-01       6.40000000E-01
    14.2000       4.21052632E-01       5.71428571E-01       6.40000000E-01
    14.3000       4.21052632E-01       5.71428571E-01       6.40000000E-01
    14.4000       4.21052632E-01       5.71428571E-01       6.40000000E-01
    14.5000       4.21052632E-01       5.71428571E-01       6.40000000E-01
    14.6000       4.21052632E-01       5.71428571E-01       6.40000000E-01
    14.7000       4.21052632E-01       5.71428571E-01       6.40000000E-01
    14.8000       4.21052632E-01       5.71428571E-01       6.40000000E-01
    14.9000       4.21052632E-01       5.71428571E-01       6.40000000E-01
    15.0000       4.21052632E-01       5.71428571E-01       6.40000000E-01
    15.1000       4.21052632E-01       5.71428571E-01       6.40000000E-01
    15.2000       4.21052632E-01       5.71428571E-01       6.40000000E-01
    15.3000       4.57142857E-01       5.71428571E-01       6.40000000E-01
    15.4000       4.57142857E-01       5.71428571E-01       6.40000000E-01
    15.5000       4.57142857E-01       5.71428571E-01       6.40000000E-01
    15.6000       5.71428571E-01       5.71428571E-01       6.40000000E-01
    15.7000       5.71428571E-01       5.71428571E-01       6.40000000E-01
    15.8000       5.71428571E-01       5.71428571E-01       6.40000000E-01
    15.9000       5.71428571E-01       5.71428571E-01       6.40000000E-01
    16.0000       5.71428571E-01       5.71428571E-01       6.40000000E-01
    16.1000       5.71428571E-01       5.71428571E-01       6.40000000E-01
    16.2000       5.71428571E-01       5.71428571E-01       6.40000000E-01
    16.3000       5.71428571E-01       5.71428571E-01       6.40000000E-01
    16.4000       5.71428571E-01       5.71428571E-01       6.40000000E-01
    16.5000       5.71428571E-01       5.71428571E-01       6.40000000E-01
    16.6000       5.71428571E-01       5.71428571E-01       6.40000000E-01
    16.7000       5.71428571E-01       5.71428571E-01       6.40000000E-01
    16.8000       5.71428571E-01       5.71428571E-01       6.40000000E-01
    16.9000       5.71428571E-01       5.71428571E-01       6.40000000E-01
    17.0000       5.71428571E-01       5.71428571E-01       6.40000000E-01
    17.1000       5.71428571E-01       5.71428571E-01       6.40000000E-01
    17.2000       5.71428571E-01       5.71428571E-01       6.40000000E-01
    17.3000       5.71428571E-01       5.71428571E-01       6.40000000E-01
    17.4000       5.71428571E-01       5.71428571E-01       6.40000000E-01
    17.5000       5.71428571E-01       5.71428571E-01       6.40000000E-01
    17.6000       5.71428571E-01       5.71428571E-01       6.40000000E-01
    17.7000       5.71428571E-01       5.71428571E-01       6.40000000E-01
    17.8000       5.71428571E-01       5.71428571E-01       6.40000000E-01
    17.9000       5.71428571E-01       5.71428571E-01       6.40000000E-01
    18.0000       5.71428571E-01       5.71428571E-01       6.40000000E-01
    18.1000       5.71428571E-01       5.71428571E-01       6.40000000E-01
    18.2000       5.71428571E-01       5.71428571E-01       6.40000000E-01
    18.3000       5.71428571E-01       5.71428571E-01       6.40000000E-01
    18.4000       5.71428571E-01       5.71428571E-01       6.40000000E-01
    18.5000       5.71428571E-01       5.71428571E-01       6.40000000E-01
    18.6000       5.71428571E-01       5.71428571E-01       6.40000000E-01
    18.7000       5.71428571E-01       5.71428571E-01       6.40000000E-01
    18.8000       5.71428571E-01       5.71428571E-01       6.40000000E-01
    18.9000       5.71428571E-01       5.71428571E-01       6.40000000E-01
    19.0000       5.71428571E-01       5.71428571E-01       6.40000000E-01
    19.1000       5.71428571E-01       5.71428571E-01       6.40000000E-01
    19.2000       5.71428571E-01       5.71428571E-01       6.40000000E-01
    19.3000       5.71428571E-01       5.71428571E-01       6.40000000E-01
    19.4000       5.71428571E-01       5.71428571E-01       6.40000000E-01
    19.5000       5.71428571E-01       5.71428571E-01       6.40000000E-01
    19.6000       5.71428571E-01       5.71428571E-01       6.40000000E-01
    19.7000       5.71428571E-01       5.71428571E-01       6.40000000E-01
    19.8000       5.71428571E-01       5.71428571E-01       6.40000000E-01
    19.9000       5.71428571E-01       5.71428571E-01       6.40000000E-01
    20.0000       5.71428571E-01       5.71428571E-01       6.40000000E-01
    20.1000       5.71428571E-01       5.71428571E-01       6.40000000E-01
    20.2000       5.71428571E-01       5.71428571E-01       6.40000000E-01
    20.3000       5.71428571E-01       5.71428571E-01       6.40000000E-01
    20.4000       5.71428571E-01       5.71428571E-01       6.40000000E-01
    20.5000       5.71428571E-01       5.71428571E-01       6.40000000E-01
    20.6000       5.71428571E-01       5.71428571E-01       6.40000000E-01
    20.7000       5.71428571E-01       5.71428571E-01       6.40000000E-01
    20.8000       5.71428571E-01       5.71428571E-01       6.40000000E-01
    20.9000       5.71428571E-01       5.71428571E-01       6.40000000E-01
    21.0000       5.71428571E-01       5.71428571E-01       6.40000000E-01
    21.1000       5.71428571E-01       5.71428571E-01       6.40000000E-01
    21.2000       5.71428571E-01       5.71428571E-01       6.40000000E-01
    21.3000       5.71428571E-01       5.71428571E-01       6.40000000E-01
    21.4000       5.71428571E-01       5.71428571E-01       6.40000000E-01
    21.5000       5.71428571E-01       5.71428571E-01       6.40000000E-01
    21.6000       5.71428571E-01       5.71428571E-01       6.40000000E-01
    21.7000       5.71428571E-01       5.71428571E-01       6.40000000E-01
    21.8000       5.71428571E-01       5.71428571E-01       6.40000000E-01
    21.9000       5.71428571E-01       5.71428571E-01       6.40000000E-01
    22.0000       5.71428571E-01       5.71428571E-01       6.40000000E-01
    22.1000       5.71428571E-01       5.71428571E-01       6.40000000E-01
    22.2000       5.71428571E-01       5.71428571E-01       5.71428571E-01
    22.3000       5.71428571E-01       5.71428571E-01       5.71428571E-01
    22.4000       5.71428571E-01       5.71428571E-01       5.71428571E-01
    22.5000       5.71428571E-01       5.71428571E-01       5.71428571E-01
    22.6000       5.71428571E-01       5.71428571E-01       5.71428571E-01
    22.7000       5.71428571E-01       5.71428571E-01       5.71428571E-01
    22.8000       5.71428571E-01       5.71428571E-01       5.71428571E-01
    22.9000       5.71428571E-01       5.71428571E-01       5.71428571E-01
    23.0000       5.71428571E-01       5.71428571E-01       5.71428571E-01
    23.1000       5.71428571E-01       5.71428571E-01       5.71428571E-01
    23.2000       5.71428571E-01       5.71428571E-01       5.71428571E-01
    23.3000       5.71428571E-01       5.71428571E-01       5.71428571E-01
    23.4000       5.71428571E-01       5.71428571E-01       5.71428571E-01
    23.5000       5.71428571E-01       5.71428571E-01       5.71428571E-01
    23.6000       5.71428571E-01       5.71428571E-01       5.71428571E-01
    23.7000       5.71428571E-01       5.71428571E-01       5.71428571E-01
    23.8000       5.71428571E-01       5.71428571E-01       5.71428571E-01
    23.9000       5.71428571E-01       5.71428571E-01       5.71428571E-01
    24.0000       5.71428571E-01       5.71428571E-01       5.71428571E-01
    24.1000       5.71428571E-01       5.71428571E-01       5.71428571E-01
    24.2000       5.71428571E-01       5.71428571E-01       5.71428571E-01
    24.3000       5.71428571E-01       5.71428571E-01       5.71428571E-01
    24.4000       5.71428571E-01       5.71428571E-01       5.71428571E-01
    24.5000       5.71428571E-01       5.71428571E-01       5.71428571E-01
    24.6000       5.71428571E-01       5.71428571E-01       5.71428571E-01
    24.7000       5.71428571E-01       5.71428571E-01       5.71428571E-01
    24.8000       5.71428571E-01       5.71428571E-01       5.71428571E-01
    24.9000       5.71428571E-01       5.71428571E-01       5.71428571E-01
    25.0000       5.71428571E-01       5.71428571E-01       5.71428571E-01
    25.1000       5.71428571E-01       5.71428571E-01       5.71428571E-01
    25.2000       5.71428571E-01       5.71428571E-01       5.71428571E-01
    25.3000       5.71428571E-01       5.71428571E-01       5.71428571E-01
    25.4000       5.71428571E-01       5.71428571E-01       5.71428571E-01
    25.5000       5.71428571E-01       5.71428571E-01       5.71428571E-01
    25.6000       5.71428571E-01       5.71428571E-01       5.71428571E-01
    25.7000       5.71428571E-01       5.71428571E-01       5.71428571E-01
    25.8000       5.71428571E-01       5.71428571E-01       5.71428571E-01
    25.9000       5.71428571E-01       5.71428571E-01       5.71428571E-01
    26.0000       5.71428571E-01       5.71428571E-01       5.71428571E-01
    26.1000       5.71428571E-01       5.71428571E-01       5.71428571E-01
    26.2000       5.71428571E-01       5.71428571E-01       5.71428571E-01
    26.3000       5.71428571E-01       5.71428571E-01       5.71428571E-01
    26.4000       5.71428571E-01       5.71428571E-01       5.71428571E-01
    26.5000       5.71428571E-01       5.71428571E-01       5.71428571E-01
    26.6000       5.71428571E-01       5.71428571E-01       5.71428571E-01
    26.7000       5.71428571E-01       5.71428571E-01       5.71428571E-01
    26.8000       5.71428571E-01       5.71428571E-01       5.71428571E-01
    26.9000       5.71428571E-01       5.71428571E-01       5.71428571E-01
    27.0000       5.71428571E-01       5.71428571E-01       5.71428571E-01
    27.1000       5.71428571E-01       5.71428571E-01       5.71428571E-01
    27.2000       5.71428571E-01       5.71428571E-01       5.71428571E-01
    27.3000       5.71428571E-01       5.71428571E-01       5.71428571E-01
    27.4000       5.71428571E-01       5.71428571E-01       5.71428571E-01
    27.5000       5.71428571E-01       5.71428571E-01       5.71428571E-01
    27.6000       5.71428571E-01       5.71428571E-01       5.71428571E-01
    27.7000       5.71428571E-01       5.71428571E-01       5.71428571E-01
    27.8000       5.71428571E-01       5.71428571E-01       5.71428571E-01
    27.9000       5.71428571E-01       5.71428571E-01       5.71428571E-01
    28.0000       5.71428571E-01       5.71428571E-01       5.71428571E-01
    28.1000       5.71428571E-01       5.71428571E-01       5.71428571E-01
    28.2000       5.71428571E-01       5.71428571E-01       5.71428571E-01
    28.3000       5.71428571E-01       5.71428571E-01       5.71428571E-01
    28.4000       5.71428571E-01       5.71428571E-01       6.40000000E-01
    28.5000       5.71428571E-01       5.71428571E-01       6.40000000E-01
    28.6000       5.71428571E-01       5.71428571E-01       6.40000000E-01
    28.7000       5.71428571E-01       5.71428571E-01       6.40000000E-01
    28.8000       5.71428571E-01       5.71428571E-01       6.40000000E-01
    28.9000       5.71428571E-01       5.71428571E-01       6.40000000E-01
    29.0000       5.71428571E-01       5.71428571E-01       6.40000000E-01
    29.1000       5.71428571E-01       6.40000000E-01       6.40000000E-01
    29.2000       5.71428571E-01       6.40000000E-01       6.40000000E-01
    29.3000       5.71428571E-01       6.40000000E-01       6.40000000E-01
    29.4000       5.71428571E-01       6.40000000E-01       6.40000000E-01
    29.5000       5.71428571E-01       6.40000000E-01       6.40000000E-01
    29.6000       5.71428571E-01       6.40000000E-01       6.40000000E-01
    29.7000       5.71428571E-01       6.40000000E-01       6.40000000E-01
    29.8000       5.71428571E-01       6.40000000E-01       6.40000000E-01
    29.9000       5.71428571E-01       6.40000000E-01       6.40000000E-01
    30.0000       5.71428571E-01       6.40000000E-01       6.40000000E-01
    30.1000       5.71428571E-01       6.40000000E-01       6.40000000E-01
    30.2000       5.71428571E-01       6.40000000E-01       6.40000000E-01
    30.3000       5.71428571E-01       6.40000000E-01       6.40000000E-01
    30.4000       5.71428571E-01       6.40000000E-01       6.40000000E-01
    30.5000       5.71428571E-01       6.40000000E-01       6.40000000E-01
    30.6000       5.71428571E-01       6.40000000E-01       6.40000000E-01
    30.7000       5.71428571E-01       6.40000000E-01       6.40000000E-01
    30.8000       5.71428571E-01       6.40000000E-01       6.40000000E-01
    30.9000       5.71428571E-01       6.40000000E-01       6.40000000E-01
    31.0000       5.71428571E-01       6.40000000E-01       6.40000000E-01
    31.1000       6.40000000E-01       6.40000000E-01       6.40000000E-01
    31.2000       6.40000000E-01       6.40000000E-01       6.40000000E-01
    31.3000       6.40000000E-01       6.40000000E-01       6.40000000E-01
    31.4000       6.40000000E-01       6.40000000E-01       6.40000000E-01
    31.5000       6.40000000E-01       6.40000000E-01       6.40000000E-01
    31.6000       6.40000000E-01       6.40000000E-01       6.40000000E-01
    31.7000       6.40000000E-01       6.40000000E-01       6.40000000E-01
    31.8000       6.40000000E-01       6.40000000E-01       6.40000000E-01
    31.9000       6.40000000E-01       6.40000000E-01       6.40000000E-01
    32.0000       6.40000000E-01       6.40000000E-01       6.40000000E-01
    32.1000       6.40000000E-01       6.40000000E-01       6.40000000E-01
    32.2000       6.40000000E-01       6.40000000E-01       6.40000000E-01
    32.3000       6.40000000E-01       6.40000000E-01       6.40000000E-01
    32.4000       6.40000000E-01       6.40000000E-01       6.40000000E-01
    32.5000       6.40000000E-01       6.40000000E-01       6.40000000E-01
    32.6000       6.40000000E-01       6.40000000E-01       6.40000000E-01
    32.7000       6.40000000E-01       6.40000000E-01       6.40000000E-01
    32.8000       6.40000000E-01       6.40000000E-01       6.40000000E-01
    32.9000       6.40000000E-01       6.40000000E-01       6.40000000E-01
    33.0000       6.40000000E-01       6.40000000E-01       6.40000000E-01
    33.1000       6.40000000E-01       7.27272727E-01       6.40000000E-01
    33.2000       6.40000000E-01       7.27272727E-01       6.40000000E-01
    33.3000       6.40000000E-01       7.27272727E-01       6.40000000E-01
    33.4000       6.40000000E-01       7.27272727E-01       6.40000000E-01
    33.5000       6.40000000E-01       7.27272727E-01       6.40000000E-01
    33.6000       6.40000000E-01       7.27272727E-01       6.40000000E-01
    33.7000       6.40000000E-01       7.27272727E-01       6.40000000E-01
    33.8000       6.40000000E-01       7.27272727E-01       7.27272727E-01
    33.9000       6.40000000E-01       7.27272727E-01       7.27272727E-01
    34.0000       7.27272727E-01       7.27272727E-01       7.27272727E-01
    34.1000       7.27272727E-01       7.27272727E-01       7.27272727E-01
    34.2000       7.27272727E-01       7.27272727E-01       7.27272727E-01
    34.3000       7.27272727E-01       7.27272727E-01       7.27272727E-01
    34.4000       7.27272727E-01       7.27272727E-01       7.27272727E-01
    34.5000       7.27272727E-01       7.27272727E-01       7.27272727E-01
    34.6000       7.27272727E-01       7.27272727E-01       7.27272727E-01
    34.7000       7.27272727E-01       7.27272727E-01       7.27272727E-01
    34.8000       7.27272727E-01       7.27272727E-01       7.27272727E-01
    34.9000       7.27272727E-01       7.27272727E-01       7.27272727E-01
    35.0000       7.27272727E-01       7.27272727E-01       7.27272727E-01
    35.1000       7.27272727E-01       7.27272727E-01       7.27272727E-01
    35.2000       7.27272727E-01       7.27272727E-01       7.27272727E-01
    35.3000       7.27272727E-01       7.27272727E-01       7.27272727E-01
    35.4000       7.27272727E-01       7.27272727E-01       7.27272727E-01
    35.5000       7.27272727E-01       7.27272727E-01       7.27272727E-01
    35.6000       7.27272727E-01       7.27272727E-01       7.27272727E-01
    35.7000       7.27272727E-01       7.27272727E-01       7.27272727E-01
    35.8000       7.27272727E-01       7.27272727E-01       7.27272727E-01
    35.9000       7.27272727E-01       7.27272727E-01       7.27272727E-01
    36.0000       7.27272727E-01       7.27272727E-01       7.27272727E-01
    36.1000       7.27272727E-01       7.27272727E-01       7.27272727E-01
    36.2000       7.27272727E-01       7.27272727E-01       7.27272727E-01
    36.3000       7.27272727E-01       7.27272727E-01       7.27272727E-01
    36.4000       7.27272727E-01       7.27272727E-01       7.27272727E-01
    36.5000       7.27272727E-01       7.27272727E-01       7.27272727E-01
    36.6000       7.27272727E-01       7.27272727E-01       7.27272727E-01
    36.7000       7.27272727E-01       7.27272727E-01       7.27272727E-01
    36.8000       7.27272727E-01       7.27272727E-01       7.27272727E-01
    36.9000       7.27272727E-01       7.27272727E-01       7.27272727E-01
    37.0000       7.27272727E-01       7.27272727E-01       7.27272727E-01
    37.1000       7.27272727E-01       7.27272727E-01       7.27272727E-01
    37.2000       7.27272727E-01       7.27272727E-01       7.27272727E-01
    37.3000       7.27272727E-01       7.27272727E-01       7.27272727E-01
    37.4000       7.27272727E-01       7.27272727E-01       7.27272727E-01
    37.5000       7.27272727E-01       7.27272727E-01       7.27272727E-01
    37.6000       7.27272727E-01       7.27272727E-01       7.27272727E-01
    37.7000       7.27272727E-01       7.27272727E-01       7.27272727E-01
    37.8000       7.27272727E-01       7.27272727E-01       7.27272727E-01
    37.9000       7.27272727E-01       8.42105263E-01       7.27272727E-01
    38.0000       7.27272727E-01       8.42105263E-01       7.27272727E-01
    38.1000       7.27272727E-01       8.42105263E-01       7.27272727E-01
    38.2000       7.27272727E-01       8.42105263E-01       7.27272727E-01
    38.3000       7.27272727E-01       8.42105263E-01       7.27272727E-01
    38.4000       7.27272727E-01       8.42105263E-01       7.27272727E-01
    38.5000       7.27272727E-01       8.42105263E-01       7.27272727E-01
    38.6000       8.42105263E-01       8.42105263E-01       8.42105263E-01
    38.7000       8.42105263E-01       8.42105263E-01       8.42105263E-01
    38.8000       8.42105263E-01       8.42105263E-01       8.42105263E-01
    38.9000       8.42105263E-01       8.42105263E-01       8.42105263E-01
    39.0000       8.42105263E-01       8.42105263E-01       8.42105263E-01
    39.1000       8.42105263E-01       8.42105263E-01       8.42105263E-01
    39.2000       8.42105263E-01       8.42105263E-01       8.42105263E-01
    39.3000       8.42105263E-01       8.42105263E-01       8.42105263E-01
    39.4000       8.42105263E-01       8.42105263E-01       8.42105263E-01
    39.5000       8.42105263E-01       8.42105263E-01       8.42105263E-01
    39.6000       8.42105263E-01       1.00000000E+00       8.42105263E-01
    39.7000       8.42105263E-01       1.00000000E+00       8.42105263E-01
    39.8000       8.42105263E-01       1.00000000E+00       8.42105263E-01
    39.9000       8.42105263E-01       1.00000000E+00       8.42105263E-01
    40.0000       8.42105263E-01       1.00000000E+00       1.00000000E+00
    40.1000       8.42105263E-01       1.00000000E+00       1.00000000E+00
    40.2000       8.42105263E-01       1.00000000E+00       1.00000000E+00
    40.3000       8.42105263E-01       1.00000000E+00       1.00000000E+00
    40.4000       1.00000000E+00       1.00000000E+00       1.00000000E+00
    40.5000       1.00000000E+00       1.00000000E+00       1.00000000E+00
    40.6000       1.00000000E+00       1.00000000E+00       1.00000000E+00
    40.7000       1.00000000E+00       1.00000000E+00       1.00000000E+00
    40.8000       1.00000000E+00       1.00000000E+00       1.00000000E+00
    40.9000       1.00000000E+00       1.00000000E+00       1.00000000E+00
    41.0000       1.00000000E+00       1.00000000E+00       1.00000000E+00
    41.1000       1.00000000E+00       1.00000000E+00       1.00000000E+00
    41.2000       1.00000000E+00       1.00000000E+00       1.00000000E+00
    41.3000       1.00000000E+00       1.00000000E+00       1.00000000E+00
    41.4000       1.00000000E+00       1.00000000E+00       1.00000000E+00
    41.5000       1.00000000E+00       1.00000000E+00       1.00000000E+00
    41.6000       1.00000000E+00       1.00000000E+00       1.00000000E+00
    41.7000       1.00000000E+00       1.00000000E+00       1.00000000E+00
    41.8000       1.00000000E+00       1.00000000E+00       1.00000000E+00
    41.9000       1.00000000E+00       1.00000000E+00       1.00000000E+00
    42.0000       1.00000000E+00       1.00000000E+00       1.00000000E+00
    42.1000       1.00000000E+00       1.00000000E+00       1.00000000E+00
    42.2000       1.00000000E+00       1.00000000E+00       1.00000000E+00
    42.3000       1.00000000E+00       1.00000000E+00       1.00000000E+00
    42.4000       1.00000000E+00       1.00000000E+00       1.00000000E+00
    42.5000       1.00000000E+00       1.00000000E+00       1.00000000E+00
    42.6000       1.00000000E+00       1.00000000E+00       1.00000000E+00
    42.7000       1.00000000E+00       1.00000000E+00       1.00000000E+00
    42.8000       1.00000000E+00       1.00000000E+00       1.00000000E+00
    42.9000       1.00000000E+00       1.00000000E+00       1.00000000E+00
    43.0000       1.00000000E+00       1.00000000E+00       1.00000000E+00
    43.1000       1.00000000E+00       1.00000000E+00       1.00000000E+00
    43.2000       1.00000000E+00       1.00000000E+00       1.00000000E+00
    43.3000       1.00000000E+00       1.00000000E+00       1.00000000E+00
    43.4000       1.00000000E+00       1.00000000E+00       1.00000000E+00
    43.5000       1.00000000E+00       1.00000000E+00       1.00000000E+00
    43.6000       1.00000000E+00       1.00000000E+00       1.00000000E+00
    43.7000       1.00000000E+00       1.00000000E+00       1.00000000E+00
    43.8000       1.00000000E+00       1.00000000E+00       1.00000000E+00
    43.9000       1.00000000E+00       1.00000000E+00       1.00000000E+00
    44.0000       1.00000000E+00       1.00000000E+00       1.00000000E+00
    44.1000       1.00000000E+00       1.00000000E+00       1.00000000E+00
    44.2000       1.00000000E+00       1.00000000E+00       1.00000000E+00
    44.3000       1.00000000E+00       1.00000000E+00       1.00000000E+00
    44.4000       1.00000000E+00       1.00000000E+00       1.00000000E+00
    44.5000       1.00000000E+00       1.00000000E+00       1.00000000E+00
    44.6000       1.00000000E+00       1.00000000E+00       1.00000000E+00
    44.7000       1.00000000E+00       1.00000000E+00       1.00000000E+00
    44.8000       1.00000000E+00       1.00000000E+00       1.00000000E+00
    44.9000       1.00000000E+00       1.00000000E+00       1.00000000E+00
    45.0000       1.00000000E+00       1.00000000E+00       1.00000000E+00
    45.1000       1.00000000E+00       1.00000000E+00       1.00000000E+00
    45.2000       1.00000000E+00       1.00000000E+00       1.00000000E+00
    45.3000       1.00000000E+00       1.00000000E+00       1.00000000E+00
    45.4000       1.00000000E+00       1.00000000E+00       1.00000000E+00
    45.5000       1.00000000E+00       1.00000000E+00       1.00000000E+00
    45.6000       1.00000000E+00       1.00000000E+00       1.00000000E+00
    45.7000       1.00000000E+00       1.00000000E+00       1.00000000E+00
    45.8000       1.00000000E+00       1.00000000E+00       1.00000000E+00
    45.9000       1.00000000E+00       1.00000000E+00       1.00000000E+00
    46.0000       1.00000000E+00       1.00000000E+00       1.00000000E+00
    46.1000       1.00000000E+00       1.00000000E+00       1.00000000E+00
    46.2000       1.00000000E+00       1.00000000E+00       1.00000000E+00
    46.3000       1.00000000E+00       1.00000000E+00       1.00000000E+00
    46.4000       1.00000000E+00       1.00000000E+00       1.00000000E+00
    46.5000       1.00000000E+00       1.00000000E+00       1.00000000E+00
    46.6000       1.00000000E+00       1.00000000E+00       1.00000000E+00
    46.7000       1.00000000E+00       1.00000000E+00       1.00000000E+00
    46.8000       1.00000000E+00       1.00000000E+00       1.00000000E+00
    46.9000       1.00000000E+00       1.00000000E+00       1.00000000E+00
    47.0000       1.00000000E+00       1.00000000E+00       1.00000000E+00
    47.1000       1.00000000E+00       1.00000000E+00       1.00000000E+00
    47.2000       1.00000000E+00       1.00000000E+00       1.00000000E+00
    47.3000       1.00000000E+00       1.00000000E+00       1.00000000E+00
    47.4000       1.00000000E+00       1.00000000E+00       1.00000000E+00
    47.5000       1.00000000E+00       1.00000000E+00       1.00000000E+00
    47.6000       1.00000000E+00       1.00000000E+00       1.00000000E+00
    47.7000       1.00000000E+00       1.00000000E+00       1.00000000E+00
    47.8000       1.00000000E+00       1.00000000E+00       1.00000000E+00
    47.9000       1.00000000E+00       1.00000000E+00       1.00000000E+00
    48.0000       1.00000000E+00       1.00000000E+00       1.00000000E+00
    48.1000       1.00000000E+00       1.00000000E+00       1.00000000E+00
    48.2000       1.00000000E+00       1.00000000E+00       1.00000000E+00
    48.3000       1.00000000E+00       1.00000000E+00       1.00000000E+00
    48.4000       1.00000000E+00       1.00000000E+00       1.00000000E+00
    48.5000       1.00000000E+00       1.33333333E+00       1.45454545E+00
    48.6000       1.00000000E+00       1.33333333E+00       1.45454545E+00
    48.7000       1.00000000E+00       1.33333333E+00       1.45454545E+00
    48.8000       1.00000000E+00       1.33333333E+00       1.45454545E+00
    48.9000       1.00000000E+00       1.33333333E+00       1.45454545E+00
    49.0000       1.00000000E+00       1.33333333E+00       1.45454545E+00
    49.1000       1.00000000E+00       1.33333333E+00       1.45454545E+00
    49.2000       1.00000000E+00       1.33333333E+00       1.45454545E+00
    49.3000       1.00000000E+00       1.77777778E+00       1.45454545E+00
    49.4000       1.00000000E+00       1.77777778E+00       1.77777778E+00
    49.5000       1.00000000E+00       1.77777778E+00       1.77777778E+00
    49.6000       1.00000000E+00       1.77777778E+00       1.77777778E+00
    49.7000       1.00000000E+00       1.77777778E+00       1.77777778E+00
    49.8000       1.00000000E+00       1.77777778E+00       1.77777778E+00
    49.9000       1.00000000E+00       1.77777778E+00       1.77777778E+00
    50.0000       1.00000000E+00       1.77777778E+00       1.77777778E+00
    50.1000       1.00000000E+00       1.77777778E+00       1.77777778E+00
    50.2000       1.00000000E+00       1.77777778E+00       1.77777778E+00
    50.3000       1.00000000E+00       1.77777778E+00       1.77777778E+00
    50.4000       1.00000000E+00       1.77777778E+00       1.77777778E+00
    50.5000       1.00000000E+00       1.77777778E+00       1.77777778E+00
    50.6000       1.00000000E+00       1.77777778E+00       1.77777778E+00
    50.7000       1.00000000E+00       1.77777778E+00       1.77777778E+00
    50.8000       1.00000000E+00       1.77777778E+00       1.77777778E+00
    50.9000       1.00000000E+00       1.77777778E+00       1.77777778E+00
    51.0000       1.00000000E+00       1.77777778E+00       1.77777778E+00
    51.1000       1.00000000E+00       1.77777778E+00       1.77777778E+00
    51.2000       1.00000000E+00       1.77777778E+00       1.77777778E+00
    51.3000       1.00000000E+00       1.77777778E+00       1.77777778E+00
    51.4000       1.00000000E+00       1.77777778E+00       1.77777778E+00
    51.5000       1.14285714E+00       1.77777778E+00       1.77777778E+00
    51.6000       1.14285714E+00       1.77777778E+00       1.77777778E+00
    51.7000       1.14285714E+00       1.77777778E+00       1.77777778E+00
    51.8000       1.14285714E+00       1.77777778E+00       1.77777778E+00
    51.9000       1.14285714E+00       1.77777778E+00       1.77777778E+00
    52.0000       1.14285714E+00       1.77777778E+00       1.77777778E+00
    52.1000       1.14285714E+00       1.77777778E+00       1.77777778E+00
    52.2000       1.14285714E+00       1.77777778E+00       1.77777778E+00
    52.3000       1.14285714E+00       1.77777778E+00       1.77777778E+00
    52.4000       1.14285714E+00       1.77777778E+00       1.77777778E+00
    52.5000       1.14285714E+00       1.77777778E+00       1.77777778E+00
    52.6000       1.14285714E+00       1.77777778E+00       1.77777778E+00
    52.7000       1.14285714E+00       1.77777778E+00       1.77777778E+00
    52.8000       1.14285714E+00       1.77777778E+00       1.77777778E+00
    52.9000       1.14285714E+00       1.77777778E+00       1.77777778E+00
    53.0000       1.14285714E+00       1.77777778E+00       1.77777778E+00
    53.1000       1.14285714E+00       1.77777778E+00       1.77777778E+00
    53.2000       1.14285714E+00       1.77777778E+00       1.77777778E+00
    53.3000       1.14285714E+00       1.77777778E+00       1.77777778E+00
    53.4000       1.14285714E+00       1.77777778E+00       1.77777778E+00
    53.5000       1.14285714E+00       1.77777778E+00       1.77777778E+00
    53.6000       1.14285714E+00       1.77777778E+00       1.77777778E+00
    53.7000       1.14285714E+00       1.77777778E+00       1.77777778E+00
    53.8000       1.14285714E+00       1.77777778E+00       1.77777778E+00
    53.9000       1.14285714E+00       1.77777778E+00       1.77777778E+00
    54.0000       1.14285714E+00       1.77777778E+00       1.77777778E+00
    54.1000       1.14285714E+00       1.77777778E+00       1.77777778E+00
    54.2000       1.14285714E+00       1.77777778E+00       1.77777778E+00
    54.3000       1.14285714E+00       1.77777778E+00       1.77777778E+00
    54.4000       1.14285714E+00       1.77777778E+00       1.77777778E+00
    54.5000       1.14285714E+00       1.77777778E+00       1.77777778E+00
    54.6000       1.14285714E+00       1.77777778E+00       1.77777778E+00
    54.7000       1.14285714E+00       1.77777778E+00       1.77777778E+00
    54.8000       1.14285714E+00       1.77777778E+00       1.77777778E+00
    54.9000       1.14285714E+00       1.77777778E+00       1.77777778E+00
    55.0000       1.14285714E+00       1.77777778E+00       1.77777778E+00
    55.1000       1.14285714E+00       1.77777778E+00       1.77777778E+00
    55.2000       1.14285714E+00       1.77777778E+00       1.77777778E+00
    55.3000       1.14285714E+00       1.77777778E+00       1.77777778E+00
    55.4000       1.14285714E+00       1.77777778E+00       1.77777778E+00
    55.5000       1.14285714E+00       1.77777778E+00       1.77777778E+00
    55.6000       1.14285714E+00       1.77777778E+00       1.77777778E+00
    55.7000       1.14285714E+00       1.77777778E+00       1.77777778E+00
    55.8000       9.41176471E-01       1.77777778E+00       1.77777778E+00
    55.9000       9.41176471E-01       1.77777778E+00       1.77777778E+00
    56.0000       9.41176471E-01       1.77777778E+00       1.77777778E+00
    56.1000       9.41176471E-01       1.77777778E+00       1.77777778E+00
    56.2000       9.41176471E-01       1.77777778E+00       1.77777778E+00
    56.3000       9.41176471E-01       1.77777778E+00       1.77777778E+00
    56.4000       9.41176471E-01       1.77777778E+00       1.77777778E+00
    56.5000       9.41176471E-01       1.77777778E+00       1.77777778E+00
    56.6000       9.41176471E-01       1.77777778E+00       1.77777778E+00
    56.7000       9.41176471E-01       1.77777778E+00       1.77777778E+00
    56.8000       9.41176471E-01       1.77777778E+00       1.77777778E+00
    56.9000       9.41176471E-01       1.77777778E+00       1.77777778E+00
    57.0000       9.41176471E-01       1.77777778E+00       1.77777778E+00
    57.1000       9.41176471E-01       1.77777778E+00       1.77777778E+00
    57.2000       9.41176471E-01       1.77777778E+00       1.77777778E+00
    57.3000       9.41176471E-01       1.77777778E+00       1.77777778E+00
    57.4000       9.41176471E-01       1.77777778E+00       1.77777778E+00
    57.5000       9.41176471E-01       1.77777778E+00       1.77777778E+00
    57.6000       9.41176471E-01       1.77777778E+00       1.77777778E+00
    57.7000       9.41176471E-01       1.77777778E+00       1.77777778E+00
    57.8000       9.41176471E-01       1.77777778E+00       1.77777778E+00
    57.9000       9.41176471E-01       1.77777778E+00       1.77777778E+00
    58.0000       9.41176471E-01       1.77777778E+00       1.77777778E+00
    58.1000       9.41176471E-01       1.77777778E+00       1.77777778E+00
    58.2000       9.41176471E-01       1.77777778E+00       1.77777778E+00
    58.3000       9.41176471E-01       1.77777778E+00       1.77777778E+00
    58.4000       9.41176471E-01       1.77777778E+00       1.77777778E+00
    58.5000       9.41176471E-01       1.77777778E+00       1.77777778E+00
    58.6000       9.41176471E-01       1.77777778E+00       1.77777778E+00
    58.7000       9.41176471E-01       2.66666667E+00       1.77777778E+00
    58.8000       9.41176471E-01       2.66666667E+00       1.77777778E+00
    58.9000       9.41176471E-01       2.66666667E+00       2.66666667E+00
    59.0000       9.41176471E-01       2.66666667E+00       2.66666667E+00
    59.1000       9.41176471E-01       2.66666667E+00       2.66666667E+00
    59.2000       9.41176471E-01       2.66666667E+00       2.66666667E+00
    59.3000       9.41176471E-01       2.66666667E+00       2.66666667E+00
    59.4000       9.41176471E-01       2.66666667E+00       2.66666667E+00
    59.5000       9.41176471E-01       2.66666667E+00       2.66666667E+00
    59.6000       9.41176471E-01       2.66666667E+00       2.66666667E+00
    59.7000       9.41176471E-01       2.66666667E+00       2.66666667E+00
    59.8000       9.41176471E-01       2.66666667E+00       2.66666667E+00
    59.9000       9.41176471E-01       2.66666667E+00       2.66666667E+00
    60.0000       9.41176471E-01       2.66666667E+00       2.66666667E+00
    60.1000       9.41176471E-01       2.66666667E+00       2.66666667E+00
    60.2000       9.41176471E-01       2.66666667E+00       2.66666667E+00
    60.3000       9.41176471E-01       2.66666667E+00       2.66666667E+00
    60.4000       9.41176471E-01       2.66666667E+00       2.66666667E+00
    60.5000       9.41176471E-01       2.66666667E+00       2.66666667E+00
    60.6000       9.41176471E-01       2.66666667E+00       2.66666667E+00
    60.7000       9.41176471E-01       2.66666667E+00       2.66666667E+00
    60.8000       9.41176471E-01       2.66666667E+00       2.66666667E+00
    60.9000       9.41176471E-01       2.66666667E+00       2.66666667E+00
    61.0000       9.41176471E-01       2.66666667E+00       2.66666667E+00
    61.1000       9.41176471E-01       2.66666667E+00       2.66666667E+00
    61.2000       9.41176471E-01       2.66666667E+00       2.66666667E+00
    61.3000       9.41176471E-01       2.66666667E+00       2.66666667E+00
    61.4000       9.41176471E-01       2.66666667E+00       2.66666667E+00
    61.5000       9.41176471E-01       2.66666667E+00       2.66666667E+00
    61.6000       9.41176471E-01       2.66666667E+00       2.66666667E+00
    61.7000       9.41176471E-01       2.66666667E+00       2.66666667E+00
    61.8000       9.41176471E-01       2.66666667E+00       2.66666667E+00
    61.9000       9.41176471E-01       2.66666667E+00       2.66666667E+00
    62.0000       9.41176471E-01       2.66666667E+00       2.66666667E+00
    62.1000       9.41176471E-01       2.66666667E+00       2.66666667E+00
    62.2000       9.41176471E-01       2.66666667E+00       2.66666667E+00
    62.3000       9.41176471E-01       2.66666667E+00       2.66666667E+00
    62.4000       9.41176471E-01       2.66666667E+00       2.66666667E+00
    62.5000       9.41176471E-01       2.66666667E+00       2.66666667E+00
    62.6000       9.41176471E-01       2.66666667E+00       2.66666667E+00
    62.7000       9.41176471E-01       2.66666667E+00       2.66666667E+00
    62.8000       9.41176471E-01       2.66666667E+00       2.66666667E+00
    62.9000       9.41176471E-01       2.66666667E+00       2.66666667E+00
    63.0000       9.41176471E-01       2.66666667E+00       2.66666667E+00
    63.1000       9.41176471E-01       2.66666667E+00       2.66666667E+00
    63.2000       9.41176471E-01       2.66666667E+00       2.66666667E+00
    63.3000       9.41176471E-01       2.66666667E+00       2.66666667E+00
    63.4000       9.41176471E-01       2.66666667E+00       2.66666667E+00
    63.5000       9.41176471E-01       2.66666667E+00       2.66666667E+00
    63.6000       9.41176471E-01       2.66666667E+00       2.66666667E+00
    63.7000       1.06666667E+00       2.66666667E+00       2.66666667E+00
    63.8000       1.06666667E+00       2.66666667E+00       2.66666667E+00
    63.9000       1.06666667E+00       2.66666667E+00       2.66666667E+00
    64.0000       1.06666667E+00       2.66666667E+00       2.66666667E+00
    64.1000       1.06666667E+00       2.66666667E+00       2.66666667E+00
    64.2000       1.06666667E+00       2.66666667E+00       2.66666667E+00
    64.3000       1.06666667E+00       2.66666667E+00       2.66666667E+00
    64.4000       1.06666667E+00       2.66666667E+00       2.66666667E+00
    64.5000       1.06666667E+00       2.66666667E+00       2.66666667E+00
    64.6000       1.06666667E+00       2.66666667E+00       2.66666667E+00
    64.7000       1.06666667E+00       2.66666667E+00       2.66666667E+00
    64.8000       1.06666667E+00       2.66666667E+00       2.66666667E+00
    64.9000       1.06666667E+00       2.66666667E+00       2.66666667E+00
    65.0000       1.06666667E+00       2.66666667E+00       2.66666667E+00
    65.1000       1.06666667E+00       2.66666667E+00       2.66666667E+00
    65.2000       1.06666667E+00       2.66666667E+00       2.66666667E+00
    65.3000       1.06666667E+00       2.66666667E+00       2.66666667E+00
    65.4000       1.06666667E+00       2.66666667E+00       2.66666667E+00
    65.5000       1.06666667E+00       2.66666667E+00       2.66666667E+00
    65.6000       1.06666667E+00       2.66666667E+00       2.66666667E+00
    65.7000       1.06666667E+00       2.66666667E+00       2.66666667E+00
    65.8000       1.06666667E+00       2.66666667E+00       2.66666667E+00
    65.9000       1.06666667E+00       2.66666667E+00       2.66666667E+00
    66.0000       1.06666667E+00       2.66666667E+00       2.66666667E+00
    66.1000       1.06666667E+00       2.66666667E+00       2.66666667E+00
    66.2000       1.06666667E+00       2.66666667E+00       2.66666667E+00
    66.3000       1.06666667E+00       2.66666667E+00       2.66666667E+00
    66.4000       1.06666667E+00       2.66666667E+00       2.66666667E+00
    66.5000       1.06666667E+00       2.66666667E+00       2.66666667E+00
    66.6000       1.06666667E+00       2.66666667E+00       2.66666667E+00
    66.7000       1.06666667E+00       2.66666667E+00       2.66666667E+00
    66.8000       1.06666667E+00       2.66666667E+00       2.66666667E+00
    66.9000       1.06666667E+00       2.66666667E+00       2.66666667E+00
    67.0000       1.06666667E+00       2.66666667E+00       2.66666667E+00
    67.1000       1.06666667E+00       2.66666667E+00       2.66666667E+00
    67.2000       1.06666667E+00       2.66666667E+00       2.66666667E+00
    67.3000       1.06666667E+00       2.66666667E+00       2.66666667E+00
    67.4000       1.06666667E+00       2.66666667E+00       2.66666667E+00
    67.5000       1.06666667E+00       2.66666667E+00       2.66666667E+00
    67.6000       1.06666667E+00       2.66666667E+00       2.66666667E+00
    67.7000       1.06666667E+00       2.66666667E+00       2.66666667E+00
    67.8000       1.06666667E+00       2.66666667E+00       2.66666667E+00
    67.9000       1.23076923E+00       2.66666667E+00       2.66666667E+00
    68.0000       1.23076923E+00       2.66666667E+00       2.66666667E+00
    68.1000       1.23076923E+00       2.66666667E+00       2.66666667E+00
    68.2000       1.23076923E+00       2.66666667E+00       2.66666667E+00
    68.3000       1.23076923E+00       2.66666667E+00       2.66666667E+00
    68.4000       1.23076923E+00       2.66666667E+00       2.66666667E+00
    68.5000       1.23076923E+00       2.66666667E+00       2.66666667E+00
    68.6000       1.23076923E+00       2.66666667E+00       2.66666667E+00
    68.7000       1.23076923E+00       2.66666667E+00       2.66666667E+00
    68.8000       1.23076923E+00       2.66666667E+00       2.66666667E+00
    68.9000       1.23076923E+00       2.66666667E+00       2.66666667E+00
    69.0000       1.23076923E+00       2.66666667E+00       2.66666667E+00
    69.1000       1.23076923E+00       2.66666667E+00       2.66666667E+00
    69.2000       1.23076923E+00       2.66666667E+00       2.66666667E+00
    69.3000       1.23076923E+00       2.66666667E+00       2.66666667E+00
    69.4000       1.23076923E+00       2.66666667E+00       2.66666667E+00
    69.5000       1.23076923E+00       2.66666667E+00       2.66666667E+00
    69.6000       1.23076923E+00       2.66666667E+00       2.66666667E+00
    69.7000       1.23076923E+00       2.66666667E+00       2.66666667E+00
    69.8000       1.23076923E+00       2.66666667E+00       2.66666667E+00
    69.9000       1.23076923E+00       2.66666667E+00       2.66666667E+00
    70.0000       1.23076923E+00       2.66666667E+00       2.66666667E+00
    70.1000       1.23076923E+00       2.66666667E+00       2.66666667E+00
    70.2000       1.23076923E+00       2.66666667E+00       2.66666667E+00
    70.3000       1.23076923E+00       2.66666667E+00       2.66666667E+00
    70.4000       1.23076923E+00       2.66666667E+00       2.66666667E+00
    70.5000       1.23076923E+00       2.66666667E+00       2.66666667E+00
    70.6000       1.23076923E+00       2.66666667E+00       2.66666667E+00
    70.7000       1.23076923E+00       2.66666667E+00       2.66666667E+00
    70.8000       1.23076923E+00       2.66666667E+00       2.66666667E+00
    70.9000       1.23076923E+00       2.66666667E+00       2.66666667E+00
    71.0000       1.23076923E+00       2.66666667E+00       2.66666667E+00
    71.1000       1.23076923E+00       2.66666667E+00       2.66666667E+00
    71.2000       1.23076923E+00       2.66666667E+00       2.66666667E+00
    71.3000       1.23076923E+00       2.66666667E+00       2.66666667E+00
    71.4000       1.23076923E+00       2.66666667E+00       2.66666667E+00
    71.5000       1.23076923E+00       2.66666667E+00       2.66666667E+00
    71.6000       1.23076923E+00       2.66666667E+00       2.66666667E+00
    71.7000       1.23076923E+00       2.66666667E+00       2.66666667E+00
    71.8000       1.23076923E+00       2.66666667E+00       2.66666667E+00
    71.9000       1.23076923E+00       2.66666667E+00       2.66666667E+00
    72.0000       1.23076923E+00       2.66666667E+00       2.66666667E+00
    72.1000       1.23076923E+00       2.66666667E+00       2.66666667E+00
    72.2000       1.23076923E+00       2.66666667E+00       2.66666667E+00
    72.3000       1.23076923E+00       2.66666667E+00       2.66666667E+00
    72.4000       1.23076923E+00       2.66666667E+00       2.66666667E+00
    72.5000       1.23076923E+00       2.66666667E+00       2.66666667E+00
    72.6000       1.23076923E+00       2.66666667E+00       2.66666667E+00
    72.7000       1.23076923E+00       2.66666667E+00       2.66666667E+00
    72.8000       1.23076923E+00       2.66666667E+00       2.66666667E+00
    72.9000       1.23076923E+00       2.66666667E+00       2.66666667E+00
    73.0000       1.23076923E+00       2.66666667E+00       2.66666667E+00
    73.1000       1.23076923E+00       2.66666667E+00       2.66666667E+00
    73.2000       1.23076923E+00       2.66666667E+00       2.66666667E+00
    73.3000       1.23076923E+00       2.66666667E+00       2.66666667E+00
    73.4000       1.23076923E+00       2.66666667E+00       2.66666667E+00
    73.5000       1.23076923E+00       2.66666667E+00       2.66666667E+00
    73.6000       1.23076923E+00       2.66666667E+00       2.66666667E+00
    73.7000       1.23076923E+00       2.66666667E+00       2.66666667E+00
    73.8000       1.23076923E+00       2.66666667E+00       2.66666667E+00
    73.9000       1.23076923E+00       2.66666667E+00       2.66666667E+00
    74.0000       1.23076923E+00       2.66666667E+00       2.66666667E+00
    74.1000       1.23076923E+00       2.66666667E+00       2.66666667E+00
    74.2000       1.23076923E+00       2.66666667E+00       2.66666667E+00
    74.3000       1.23076923E+00       2.66666667E+00       2.66666667E+00
    74.4000       1.23076923E+00       2.66666667E+00       2.66666667E+00
    74.5000       1.23076923E+00       2.66666667E+00       2.66666667E+00
    74.6000       1.23076923E+00       2.66666667E+00       2.66666667E+00
    74.7000       1.23076923E+00       2.66666667E+00       2.66666667E+00
    74.8000       1.23076923E+00       2.66666667E+00       2.66666667E+00
    74.9000       1.23076923E+00       2.66666667E+00       2.66666667E+00
    75.0000       1.23076923E+00       2.66666667E+00       2.66666667E+00
    75.1000       1.23076923E+00       2.66666667E+00       2.66666667E+00
    75.2000       1.23076923E+00       2.66666667E+00       2.66666667E+00
    75.3000       1.23076923E+00       2.66666667E+00       2.66666667E+00
    75.4000       1.23076923E+00       2.66666667E+00       2.66666667E+00
    75.5000       1.23076923E+00       2.66666667E+00       2.66666667E+00
    75.6000       1.23076923E+00       2.66666667E+00       2.66666667E+00
    75.7000       1.23076923E+00       2.66666667E+00       2.66666667E+00
    75.8000       1.23076923E+00       2.66666667E+00       2.66666667E+00
    75.9000       1.23076923E+00       2.66666667E+00       2.66666667E+00
    76.0000       1.23076923E+00       2.66666667E+00       2.66666667E+00
    76.1000       1.23076923E+00       2.66666667E+00       2.66666667E+00
    76.2000       1.23076923E+00       2.66666667E+00       2.66666667E+00
    76.3000       1.23076923E+00       2.66666667E+00       2.66666667E+00
    76.4000       1.23076923E+00       2.66666667E+00       2.66666667E+00
    76.5000       1.23076923E+00       2.66666667E+00       2.66666667E+00
    76.6000       1.23076923E+00       2.66666667E+00       2.66666667E+00
    76.7000       1.23076923E+00       2.66666667E+00       2.66666667E+00
    76.8000       1.23076923E+00       2.66666667E+00       2.66666667E+00
    76.9000       1.23076923E+00       2.66666667E+00       2.66666667E+00
    77.0000       1.23076923E+00       2.66666667E+00       2.66666667E+00
    77.1000       1.23076923E+00       2.66666667E+00       2.66666667E+00
    77.2000       1.23076923E+00       2.66666667E+00       2.66666667E+00
    77.3000       1.23076923E+00       2.66666667E+00       2.66666667E+00
    77.4000       1.23076923E+00       2.66666667E+00       2.66666667E+00
    77.5000       1.23076923E+00       2.66666667E+00       2.66666667E+00
    77.6000       1.23076923E+00       2.66666667E+00       2.66666667E+00
    77.7000       1.23076923E+00       2.66666667E+00       2.66666667E+00
    77.8000       1.23076923E+00       2.66666667E+00       2.66666667E+00
    77.9000       1.23076923E+00       2.66666667E+00       2.66666667E+00
    78.0000       1.23076923E+00       2.66666667E+00       2.66666667E+00
    78.1000       1.23076923E+00       2.66666667E+00       2.66666667E+00
    78.2000       1.23076923E+00       2.66666667E+00       2.66666667E+00
    78.3000       1.23076923E+00       2.66666667E+00       2.66666667E+00
    78.4000       1.23076923E+00       2.66666667E+00       2.66666667E+00
    78.5000       1.23076923E+00       2.66666667E+00       2.66666667E+00
    78.6000       1.23076923E+00       2.66666667E+00       2.66666667E+00
    78.7000       1.23076923E+00       2.66666667E+00       2.66666667E+00
    78.8000       1.23076923E+00       2.66666667E+00       2.66666667E+00
    78.9000       1.23076923E+00       2.66666667E+00       2.66666667E+00
    79.0000       1.23076923E+00       2.66666667E+00       2.66666667E+00
    79.1000       1.23076923E+00       2.66666667E+00       2.66666667E+00
    79.2000       1.23076923E+00       2.66666667E+00       2.66666667E+00
    79.3000       1.23076923E+00       2.66666667E+00       2.66666667E+00
    79.4000       1.23076923E+00       2.66666667E+00       2.66666667E+00
    79.5000       1.23076923E+00       2.66666667E+00       2.66666667E+00
    79.6000       1.23076923E+00       2.66666667E+00       2.66666667E+00
    79.7000       1.23076923E+00       2.66666667E+00       2.66666667E+00
    79.8000       1.23076923E+00       2.66666667E+00       2.66666667E+00
    79.9000       1.23076923E+00       2.66666667E+00       2.66666667E+00
    80.0000       1.23076923E+00       2.66666667E+00       2.66666667E+00
    80.1000       1.23076923E+00       2.66666667E+00       2.66666667E+00
    80.2000       1.23076923E+00       2.66666667E+00       2.66666667E+00
    80.3000       1.23076923E+00       2.66666667E+00       2.66666667E+00
    80.4000       1.23076923E+00       2.66666667E+00       2.66666667E+00
    80.5000       1.23076923E+00       2.66666667E+00       2.66666667E+00
    80.6000       1.23076923E+00       2.66666667E+00       2.66666667E+00
    80.7000       1.23076923E+00       2.66666667E+00       2.66666667E+00
    80.8000       1.23076923E+00       2.66666667E+00       2.66666667E+00
    80.9000       1.23076923E+00       2.66666667E+00       2.66666667E+00
    81.0000       1.23076923E+00       2.66666667E+00       2.66666667E+00
    81.1000       1.23076923E+00       2.66666667E+00       2.66666667E+00
    81.2000       1.23076923E+00       2.66666667E+00       2.66666667E+00
    81.3000       1.23076923E+00       2.66666667E+00       2.66666667E+00
    81.4000       1.23076923E+00       2.66666667E+00       2.66666667E+00
    81.5000       1.23076923E+00       2.66666667E+00       2.66666667E+00
    81.6000       1.23076923E+00       2.66666667E+00       2.66666667E+00
    81.7000       1.23076923E+00       2.66666667E+00       2.66666667E+00
    81.8000       1.23076923E+00       2.66666667E+00       2.66666667E+00
    81.9000       1.23076923E+00       2.66666667E+00       2.66666667E+00
    82.0000       1.23076923E+00       2.66666667E+00       2.66666667E+00
    82.1000       1.23076923E+00       2.66666667E+00       2.66666667E+00
    82.2000       1.23076923E+00       2.66666667E+00       2.66666667E+00
    82.3000       1.23076923E+00       2.66666667E+00       2.66666667E+00
    82.4000       1.23076923E+00       2.66666667E+00       2.66666667E+00
    82.5000       1.23076923E+00       2.66666667E+00       2.66666667E+00
    82.6000       1.23076923E+00       2.66666667E+00       2.66666667E+00
    82.7000       1.23076923E+00       2.66666667E+00       2.66666667E+00
    82.8000       1.23076923E+00       2.66666667E+00       2.66666667E+00
    82.9000       1.23076923E+00       2.66666667E+00       2.66666667E+00
    83.0000       1.23076923E+00       2.66666667E+00       2.66666667E+00
    83.1000       1.23076923E+00       2.66666667E+00       2.66666667E+00
    83.2000       1.23076923E+00       2.66666667E+00       2.28571429E+00
    83.3000       1.23076923E+00       2.66666667E+00       2.28571429E+00
    83.4000       1.23076923E+00       2.66666667E+00       2.28571429E+00
    83.5000       1.23076923E+00       2.28571429E+00       2.28571429E+00
    83.6000       1.23076923E+00       2.28571429E+00       2.28571429E+00
    83.7000       1.23076923E+00       2.28571429E+00       2.28571429E+00
    83.8000       1.23076923E+00       2.28571429E+00       2.28571429E+00
    83.9000       1.23076923E+00       2.28571429E+00       2.28571429E+00
    84.0000       1.23076923E+00       2.28571429E+00       2.28571429E+00
    84.1000       1.23076923E+00       2.28571429E+00       2.28571429E+00
    84.2000       1.23076923E+00       2.28571429E+00       2.28571429E+00
    84.3000       1.23076923E+00       2.28571429E+00       2.28571429E+00
    84.4000       1.23076923E+00       2.28571429E+00       2.28571429E+00
    84.5000       1.23076923E+00       2.28571429E+00       2.28571429E+00
    84.6000       1.23076923E+00       2.28571429E+00       2.28571429E+00
    84.7000       1.23076923E+00       2.28571429E+00       2.28571429E+00
    84.8000       1.23076923E+00       2.28571429E+00       2.28571429E+00
    84.9000       1.23076923E+00       2.28571429E+00       2.28571429E+00
    85.0000       1.23076923E+00       2.28571429E+00       2.28571429E+00
    85.1000       1.23076923E+00       2.28571429E+00       2.28571429E+00
    85.2000       1.23076923E+00       2.28571429E+00       2.28571429E+00
    85.3000       1.23076923E+00       2.28571429E+00       2.28571429E+00
    85.4000       1.23076923E+00       2.28571429E+00       2.28571429E+00
    85.5000       1.23076923E+00       2.28571429E+00       2.28571429E+00
    85.6000       1.23076923E+00       2.28571429E+00       2.28571429E+00
    85.7000       1.23076923E+00       2.28571429E+00       2.28571429E+00
    85.8000       1.23076923E+00       2.28571429E+00       2.28571429E+00
    85.9000       1.23076923E+00       2.28571429E+00       2.28571429E+00
    86.0000       1.23076923E+00       2.28571429E+00       2.28571429E+00
    86.1000       1.23076923E+00       2.28571429E+00       2.28571429E+00
    86.2000       1.23076923E+00       2.28571429E+00       2.28571429E+00
    86.3000       1.23076923E+00       2.28571429E+00       2.28571429E+00
    86.4000       1.23076923E+00       2.28571429E+00       2.28571429E+00
    86.5000       1.23076923E+00       2.28571429E+00       2.28571429E+00
    86.6000       1.23076923E+00       2.28571429E+00       2.28571429E+00
    86.7000       1.23076923E+00       2.28571429E+00       2.28571429E+00
    86.8000       1.23076923E+00       2.28571429E+00       2.28571429E+00
    86.9000       1.23076923E+00       2.28571429E+00       2.28571429E+00
    87.0000       1.23076923E+00       2.28571429E+00       2.28571429E+00
    87.1000       1.23076923E+00       2.28571429E+00       2.28571429E+00
    87.2000       1.23076923E+00       2.28571429E+00       2.28571429E+00
    87.3000       1.23076923E+00       2.28571429E+00       2.28571429E+00
    87.4000       1.23076923E+00       2.28571429E+00       2.28571429E+00
    87.5000       1.23076923E+00       2.28571429E+00       2.28571429E+00
    87.6000       1.23076923E+00       2.28571429E+00       2.28571429E+00
    87.7000       1.23076923E+00       2.28571429E+00       2.28571429E+00
    87.8000       1.23076923E+00       2.28571429E+00       2.28571429E+00
    87.9000       1.23076923E+00       2.28571429E+00       2.28571429E+00
    88.0000       1.23076923E+00       2.28571429E+00       2.28571429E+00
    88.1000       1.23076923E+00       2.28571429E+00       2.28571429E+00
    88.2000       1.23076923E+00       2.28571429E+00       2.28571429E+00
    88.3000       1.23076923E+00       2.28571429E+00       2.28571429E+00
    88.4000       1.23076923E+00       2.28571429E+00       2.28571429E+00
    88.5000       1.23076923E+00       2.28571429E+00       2.28571429E+00
    88.6000       1.23076923E+00       2.28571429E+00       2.28571429E+00
    88.7000       1.23076923E+00       2.28571429E+00       2.28571429E+00
    88.8000       1.23076923E+00       2.28571429E+00       2.28571429E+00
    88.9000       1.23076923E+00       2.28571429E+00       2.28571429E+00
    89.0000       1.23076923E+00       2.28571429E+00       2.28571429E+00
    89.1000       1.23076923E+00       2.28571429E+00       2.28571429E+00
    89.2000       1.23076923E+00       2.28571429E+00       2.28571429E+00
    89.3000       1.23076923E+00       2.28571429E+00       2.28571429E+00
    89.4000       1.23076923E+00       2.28571429E+00       2.28571429E+00
    89.5000       1.23076923E+00       2.28571429E+00       2.28571429E+00
    89.6000       1.23076923E+00       2.28571429E+00       2.28571429E+00
    89.7000       1.23076923E+00       2.28571429E+00       2.28571429E+00
    89.8000       1.23076923E+00       2.28571429E+00       2.28571429E+00
    89.9000       1.23076923E+00       2.28571429E+00       2.28571429E+00
    90.0000       1.23076923E+00       2.28571429E+00       2.28571429E+00
    90.1000       1.23076923E+00       2.28571429E+00       2.28571429E+00
    90.2000       1.23076923E+00       2.28571429E+00       2.28571429E+00
    90.3000       1.23076923E+00       2.28571429E+00       2.28571429E+00
    90.4000       1.23076923E+00       2.28571429E+00       2.28571429E+00
    90.5000       1.23076923E+00       2.28571429E+00       2.28571429E+00
    90.6000       1.23076923E+00       2.28571429E+00       2.28571429E+00
    90.7000       1.23076923E+00       2.28571429E+00       2.28571429E+00
    90.8000       1.23076923E+00       2.28571429E+00       2.28571429E+00
    90.9000       1.23076923E+00       2.28571429E+00       2.28571429E+00
    91.0000       1.23076923E+00       2.28571429E+00       2.28571429E+00
    91.1000       1.23076923E+00       2.28571429E+00       2.28571429E+00
    91.2000       1.23076923E+00       2.28571429E+00       2.28571429E+00
    91.3000       1.23076923E+00       2.28571429E+00       2.28571429E+00
    91.4000       1.23076923E+00       2.28571429E+00       2.28571429E+00
    91.5000       1.23076923E+00       2.28571429E+00       2.28571429E+00
    91.6000       1.23076923E+00       2.28571429E+00       2.28571429E+00
    91.7000       1.23076923E+00       2.28571429E+00       2.28571429E+00
    91.8000       1.23076923E+00       2.28571429E+00       2.28571429E+00
    91.9000       1.23076923E+00       2.28571429E+00       2.28571429E+00
    92.0000       1.23076923E+00       2.28571429E+00       2.28571429E+00
    92.1000       1.23076923E+00       2.28571429E+00       2.28571429E+00
    92.2000       1.23076923E+00       2.28571429E+00       2.28571429E+00
    92.3000       1.23076923E+00       2.28571429E+00       2.28571429E+00
    92.4000       1.23076923E+00       2.28571429E+00       2.28571429E+00
    92.5000       1.23076923E+00       2.28571429E+00       2.28571429E+00
    92.6000       1.23076923E+00       2.28571429E+00       2.28571429E+00
    92.7000       1.23076923E+00       2.28571429E+00       2.28571429E+00
    92.8000       1.23076923E+00       2.28571429E+00       2.28571429E+00
    92.9000       1.23076923E+00       2.28571429E+00       2.28571429E+00
    93.0000       1.23076923E+00       2.28571429E+00       2.28571429E+00
    93.1000       1.23076923E+00       2.28571429E+00       2.28571429E+00
    93.2000       1.23076923E+00       2.28571429E+00       2.28571429E+00
    93.3000       1.23076923E+00       2.28571429E+00       2.28571429E+00
    93.4000       1.23076923E+00       2.28571429E+00       2.28571429E+00
    93.5000       1.23076923E+00       2.28571429E+00       2.28571429E+00
    93.6000       1.23076923E+00       2.28571429E+00       2.28571429E+00
    93.7000       1.23076923E+00       2.28571429E+00       2.28571429E+00
    93.8000       1.23076923E+00       2.28571429E+00       2.28571429E+00
    93.9000       1.23076923E+00       2.28571429E+00       2.28571429E+00
    94.0000       1.23076923E+00       2.28571429E+00       2.28571429E+00
    94.1000       1.23076923E+00       2.28571429E+00       2.28571429E+00
    94.2000       1.23076923E+00       2.28571429E+00       2.28571429E+00
    94.3000       1.23076923E+00       2.28571429E+00       2.28571429E+00
    94.4000       1.23076923E+00       2.28571429E+00       2.28571429E+00
    94.5000       1.23076923E+00       2.28571429E+00       2.28571429E+00
    94.6000       1.23076923E+00       2.28571429E+00       2.28571429E+00
    94.7000       1.23076923E+00       2.28571429E+00       2.28571429E+00
    94.8000       1.23076923E+00       2.28571429E+00       2.28571429E+00
    94.9000       1.23076923E+00       2.28571429E+00       2.28571429E+00
    95.0000       1.23076923E+00       2.28571429E+00       2.28571429E+00
    95.1000       1.23076923E+00       2.28571429E+00       2.28571429E+00
    95.2000       1.23076923E+00       2.28571429E+00       2.28571429E+00
    95.3000       1.23076923E+00       2.28571429E+00       2.28571429E+00
    95.4000       1.23076923E+00       2.28571429E+00       2.28571429E+00
    95.5000       1.23076923E+00       2.28571429E+00       2.28571429E+00
    95.6000       1.23076923E+00       2.28571429E+00       2.28571429E+00
    95.7000       1.23076923E+00       2.28571429E+00       2.28571429E+00
    95.8000       1.23076923E+00       2.28571429E+00       2.28571429E+00
    95.9000       1.23076923E+00       2.28571429E+00       2.28571429E+00
    96.0000       1.23076923E+00       2.28571429E+00       2.28571429E+00
    96.1000       1.23076923E+00       2.28571429E+00       2.28571429E+00
    96.2000       1.23076923E+00       2.28571429E+00       2.28571429E+00
    96.3000       1.23076923E+00       2.28571429E+00       2.28571429E+00
    96.4000       1.23076923E+00       2.28571429E+00       2.28571429E+00
    96.5000       1.23076923E+00       2.28571429E+00       2.28571429E+00
    96.6000       1.23076923E+00       2.28571429E+00       2.28571429E+00
    96.7000       1.23076923E+00       2.28571429E+00       2.28571429E+00
    96.8000       1.77777778E+00       2.28571429E+00       2.28571429E+00
    96.9000       1.77777778E+00       2.28571429E+00       2.28571429E+00
    97.0000       1.77777778E+00       2.28571429E+00       2.28571429E+00
    97.1000       1.77777778E+00       2.28571429E+00       2.28571429E+00
    97.2000       1.77777778E+00       2.28571429E+00       2.28571429E+00
    97.3000       1.77777778E+00       2.28571429E+00       2.28571429E+00
    97.4000       1.77777778E+00       2.28571429E+00       2.28571429E+00
    97.5000       1.77777778E+00       2.28571429E+00       2.28571429E+00
    97.6000       1.77777778E+00       2.28571429E+00       2.28571429E+00
    97.7000       1.77777778E+00       2.28571429E+00       2.28571429E+00
    97.8000       1.77777778E+00       2.28571429E+00       2.28571429E+00
    97.9000       1.77777778E+00       2.28571429E+00       2.28571429E+00
    98.0000       1.77777778E+00       2.28571429E+00       2.28571429E+00
    98.1000       1.77777778E+00       2.28571429E+00       2.28571429E+00
    98.2000       1.77777778E+00       2.28571429E+00       2.28571429E+00
    98.3000       1.77777778E+00       2.28571429E+00       2.28571429E+00
    98.4000       1.77777778E+00       2.28571429E+00       2.28571429E+00
    98.5000       1.77777778E+00       2.28571429E+00       2.28571429E+00
    98.6000       1.77777778E+00       2.28571429E+00       2.28571429E+00
    98.7000       1.77777778E+00       2.28571429E+00       2.28571429E+00
    98.8000       1.77777778E+00       2.28571429E+00       2.28571429E+00
    98.9000       1.77777778E+00       2.28571429E+00       2.28571429E+00
    99.0000       1.77777778E+00       2.28571429E+00       2.28571429E+00
    99.1000       1.77777778E+00       2.28571429E+00       2.28571429E+00
    99.2000       1.77777778E+00       2.28571429E+00       2.28571429E+00
    99.3000       2.66666667E+00       2.28571429E+00       2.28571429E+00
    99.4000       2.66666667E+00       2.28571429E+00       2.28571429E+00
    99.5000       2.66666667E+00       2.28571429E+00       2.28571429E+00
    99.6000       2.66666667E+00       2.28571429E+00       2.28571429E+00
    99.7000       2.66666667E+00       2.28571429E+00       2.28571429E+00
    99.8000       2.66666667E+00       2.28571429E+00       2.28571429E+00
    99.9000       2.66666667E+00       2.28571429E+00       2.28571429E+00
   100.0000       2.66666667E+00       2.66666667E+00       2.28571429E+00
